thread_id,thread_title,comment_count,pair_count,mean_disagree_probability,hard_disagree_rate,self_bleu_2,self_bleu_3,self_bleu_4,self_bertscore_mean_precision,self_bertscore_mean_recall,self_bertscore_mean_f1,self_bertscore_median_f1,self_bertscore_top_k_mean_f1,semantic_mean_cosine,semantic_median_cosine,semantic_top_k_mean_cosine,semantic_p90_cosine,story_count,not_story_count,story_rate,mean_story_probability,emotion_entropy,emotion_entropy_normalized,avg_labels_per_comment,emotion_shift_rate,dominant_emotion,dominant_emotion_share,polite_rate,somewhat_polite_rate,neutral_rate,impolite_rate,length_std,length_iqr,length_cv,max_depth,avg_depth,avg_branching_factor,structural_virality,toxicity_mean,toxicity_max,toxicity_p90,severe_toxicity_mean,severe_toxicity_max,severe_toxicity_p90,obscene_mean,obscene_max,obscene_p90,threat_mean,threat_max,threat_p90,insult_mean,insult_max,insult_p90,identity_attack_mean,identity_attack_max,identity_attack_p90,aggression_score_mean,aggression_score_max,aggression_score_p90
10jsg62,Amex cards questions booking Hilton,6,15,0.3056233376264572,0.0,0.04343225557237672,0.037788196263228414,0.03758024553125707,0.48083030581474306,0.4373985747496287,0.4430448373158773,0.43676334619522095,0.5143797993659973,0.21185795962810516,0.07441979646682739,0.31169041991233826,0.5906091928482056,0,6,0.0,0.06444777424136798,1.0114042647073516,0.3035240669109391,1.0,1.0,neutral,0.5,0.16666666666666666,0.0,0.5,0.3333333333333333,28.935272592460574,25.25,1.0918970789607765,2.0,1.1666666666666667,1.0,1.0,0.001104900113811406,0.004148502834141254,0.0023957451921887696,3.076622325200636e-06,1.1020579222531524e-05,6.406014165349916e-06,6.463515728682978e-05,0.00023139477707445621,0.000135371627038694,2.6941068426822312e-05,3.9733771700412035e-05,3.6967847336200066e-05,0.00014375165240683904,0.00029761152109131217,0.00021997179283061996,0.00021440801598752537,0.000899462727829814,0.000494815638376167,0.0002596187717074372,0.0009379543685099634,0.0005469615472009082
10niavj,"Looking to dip my toes into the points game, need advice on a gameplan of cards to open",6,15,0.29582546949386596,0.0,0.040547725750025986,0.02136829393565961,0.01622113520681718,0.4294233500957489,0.4243523041407267,0.4221757491429647,0.46427106857299805,0.5504442453384399,0.25236406922340393,0.17041905224323273,0.3533793091773987,0.5521630048751831,1,5,0.16666666666666666,0.23522627695153156,0.45056120886630463,0.13521415251989277,1.0,0.4,neutral,0.8333333333333334,0.3333333333333333,0.0,0.0,0.6666666666666666,51.803045813499764,82.5,0.7770456872024964,3.0,1.5,1.0,1.3333333333333333,0.1504099910913889,0.898849368095398,0.44994902407051995,0.0007543257110758835,0.004516215063631535,0.002259784557736566,0.1371252742070889,0.8225064277648926,0.41129329635441536,0.00021837311305716867,0.0011816443875432014,0.0006098673529777443,0.013740276326037323,0.08171173930168152,0.04093969441601075,0.0004366841312730685,0.0020302729681134224,0.001135617378167808,0.05044748742998687,0.30179927793021005,0.15102637199735608
13eotuo,Amex Hilton SUBs Now Available Through Referrals,8,28,0.3046562038362026,0.125,0.04905063755731522,0.034654159960023294,0.027846836793026634,0.5131556923900332,0.5125351856861796,0.5012520711336818,0.505986362695694,0.6106856465339661,0.31265708804130554,0.2584710717201233,0.4866914749145508,0.5042650699615479,0,8,0.0,0.07493472890928388,1.4941751382893085,0.4484043922654514,0.875,1.0,neutral,0.375,0.625,0.125,0.25,0.0,37.06392282260473,28.5,0.8496028154178735,3.0,2.0,2.0,2.0952380952380953,0.000469750495540211,0.0007473250152543187,0.0005959697649814188,1.4568956316907133e-06,1.7438296708860435e-06,1.6074885252237438e-06,3.2481399102834985e-05,4.090476068085991e-05,4.083033927599899e-05,2.3164970571087906e-05,3.938042209483683e-05,2.8312064023339184e-05,0.00011358840856701136,0.00014139329141471535,0.000128105423937086,7.823876330803614e-05,0.00012431945651769638,9.260463120881466e-05,0.00011978015545347868,0.00018251112927221888,0.00014626088085378797
13gc7hr,Strengthening My Portfolio,6,15,0.3042038083076477,0.0,0.045312131648676104,0.03027458926466694,0.02399711500533992,0.47912679115931195,0.4859973390897115,0.4797661503156026,0.48077163100242615,0.5770244002342224,0.24246002733707428,0.21039487421512604,0.3050992488861084,0.4672718346118927,1,5,0.16666666666666666,0.1832414778570334,0.6365141682948128,0.1910189384688593,0.8333333333333334,0.8,neutral,0.6666666666666666,0.5,0.0,0.16666666666666666,0.3333333333333333,28.771610235709012,54.75,0.5735204698147977,3.0,1.8333333333333333,1.3333333333333333,1.5714285714285714,0.0005034858380289128,0.0006846056785434484,0.0006352853961288929,1.4357707224614085e-06,1.603806481398351e-06,1.5882280308687768e-06,3.483483214949956e-05,4.634043580153957e-05,4.2329686039010994e-05,2.139720466705815e-05,3.292849214631133e-05,2.756278627202846e-05,0.00012041696390951984,0.00014169534551911056,0.00013622072583530098,8.438717971633498e-05,0.00012850252096541226,0.00010445841689943336,0.0001276596315322978,0.00016897750900094857,0.00015670632166120413
18abz8z,AMX Hilton Surpass card $50 credit/quarter benefit,1,0,0.36253637075424194,1.0,0.0,0.0,0.0,0.0,0.0,0.0,0.0,0.0,0.0,0.0,0.0,0.0,0,1,0.0,0.020203212276101112,-0.0,0.0,1.0,0.0,admiration,1.0,1.0,0.0,0.0,0.0,0.0,0.0,0.0,1.0,1.0,0.0,0.0,0.0003822706057690084,0.0003822706057690084,0.0003822706057690084,1.416472514392808e-06,1.416472514392808e-06,1.416472514392808e-06,2.9172439099056646e-05,2.9172439099056646e-05,2.9172439099056646e-05,2.029263850999996e-05,2.029263850999996e-05,2.029263850999996e-05,9.776405931916088e-05,9.776405931916088e-05,9.776405931916088e-05,7.08844163455069e-05,7.08844163455069e-05,7.08844163455069e-05,0.00010030010525952093,0.00010030010525952093,0.00010030010525952093
1fjx6gp,"Ineligible for AmEx Hilton Honors $0/ AF SUB, should I still get the card?",13,78,0.2899093352831327,0.07692307692307693,0.04920833486816564,0.02779613510234239,0.020333624325440586,0.5122475146483152,0.5047066914729583,0.5050072402526171,0.5129692852497101,0.595958948135376,0.43902403116226196,0.4410000443458557,0.7236657738685608,0.6897110939025879,3,10,0.23076923076923078,0.2197879131596822,1.1786549963416462,0.35371628384227644,0.6923076923076923,0.5,neutral,0.6153846153846154,0.5384615384615384,0.07692307692307693,0.23076923076923078,0.15384615384615385,60.007198779191846,110.0,0.694033437837628,5.0,2.076923076923077,1.1666666666666667,2.0,0.0005319252175887903,0.001114125014282763,0.0008127398439683022,1.647388627973739e-06,4.0535765037930105e-06,1.7392679865224638e-06,4.66214341241329e-05,0.00014193158131092787,8.045950817177073e-05,2.1157609808142297e-05,2.8664931960520335e-05,2.629258669912815e-05,0.00013498271940849148,0.0003760383988264948,0.00013348352222237737,7.410568091122863e-05,0.00010065917740575969,9.041623125085607e-05,0.00013507334174479323,0.00027721387776106593,0.00019778283457678
1hh21ae,Hilton credit card: no AF vs Surpass which is the smarter choice?,32,496,0.30109866987913847,0.0625,0.046512132355274356,0.03023129968578575,0.024125389889227782,0.4830773865743991,0.5056345574557781,0.49098243570375827,0.4931550621986389,0.6439157724380493,0.375264048576355,0.37200087308883667,0.7178653478622437,0.6030482053756714,3,29,0.09375,0.11525899317348376,1.4681637560093854,0.4405983340836997,0.84375,0.6774193548387096,neutral,0.59375,0.28125,0.09375,0.15625,0.46875,101.67409253959437,45.25,1.3477924446010852,7.0,3.0625,1.15,2.7529411764705882,0.0042301866869820515,0.10667818784713745,0.0010813309461809692,4.048804907341719e-06,7.35268768039532e-05,3.078177292081818e-06,0.0037359231679374716,0.11648336052894592,0.00011345299135427918,2.826064593364208e-05,0.00016249266627710313,2.5935769735951907e-05,0.0005161297692666267,0.009270706214010715,0.0002148559520719572,0.00010425233972455317,0.00033508616616018116,0.000181306287413463,0.0014364669024586147,0.03883389338322255,0.00025391241817942497
1hxo38t,"Hilton Honors card (100,000 points)",14,91,0.3002685798066003,0.0,0.05404357765379388,0.03288119645153208,0.025095710808655542,0.5089099528370323,0.5296519772037045,0.5157260406803299,0.5164893269538879,0.6153087019920349,0.507484495639801,0.49320438504219055,0.7596336603164673,0.7214360237121582,2,12,0.14285714285714285,0.18669766307409322,1.3316643102930148,0.39963462813481315,0.9285714285714286,0.6153846153846154,neutral,0.5,0.42857142857142855,0.07142857142857142,0.21428571428571427,0.2857142857142857,43.903186626011184,54.0,0.6937298112462263,3.0,1.7857142857142858,1.1428571428571428,1.7333333333333334,0.0004834699086911444,0.0006760850665159523,0.0006043543864507227,1.4660297194625725e-06,1.8571096234154538e-06,1.555317942347756e-06,3.5156482876378247e-05,6.186001701280475e-05,4.1427465475862846e-05,2.1605193718901967e-05,3.481203748378903e-05,2.5386013658135197e-05,0.00011744191371170538,0.00014860661758575588,0.0001353661995381117,7.886632686547403e-05,9.940029121935368e-05,9.152703642030246e-05,0.0001230009759305111,0.00016479222322611045,0.00015051069355536127
1i0r6b7,Advice Needed: To cancel or not cancel the Hilton Honors Surpass?,7,21,0.2571020647883415,0.0,0.036302398079173945,0.02982204343560733,0.027321963959351957,0.48460292248498826,0.48443857828776044,0.47681938182739986,0.47942548990249634,0.5500975847244263,0.24589478969573975,0.23017489910125732,0.36009401082992554,0.39289581775665283,0,7,0.0,0.03490604726331575,1.4750763110546947,0.44267280310989576,1.0,0.8333333333333334,neutral,0.42857142857142855,0.42857142857142855,0.14285714285714285,0.14285714285714285,0.2857142857142857,78.96989868272078,31.0,1.3959325524723372,2.0,1.2857142857142858,1.0,1.0,0.000870859163114801,0.0030328829307109118,0.001606358028948308,2.361452613643321e-06,7.309946340683382e-06,4.221032622808709e-06,7.472665285084596e-05,0.00033713210723362863,0.0001578525385411923,2.846890648860218e-05,5.739416155847721e-05,4.0468241786584264e-05,0.00013831728678529283,0.00026815052842721343,0.00018918619898613544,0.000123728858722773,0.00022519186313729733,0.00022427067451644687,0.0002064103867626597,0.0006544210371733546,0.00036894680834696693
1j3j78p,Which card is better Amex Hilton Surpass or Hilton Aspire card?,7,21,0.3021227887698582,0.0,0.04407869530851341,0.02783502473431926,0.020315593290529007,0.4990758498509725,0.5022887800421033,0.49494328952970956,0.4985327124595642,0.5570591688156128,0.4655950665473938,0.4349536597728729,0.5996626615524292,0.7169723510742188,0,7,0.0,0.024275913036295345,0.5982695885852573,0.17954167781670785,0.8571428571428571,0.5,neutral,0.7142857142857143,0.42857142857142855,0.0,0.14285714285714285,0.42857142857142855,55.43814350338619,84.0,0.743423380313608,3.0,2.0,1.6666666666666667,1.7272727272727273,0.0004544231799497668,0.0005881800316274166,0.0005143066169694066,1.4130677235308603e-06,1.6056795857366524e-06,1.5195266087175697e-06,3.3583839987321494e-05,3.7047386285848916e-05,3.684309267555363e-05,1.9633628003897945e-05,2.5801084120757878e-05,2.3311315089813434e-05,0.00011542443098733202,0.0001425209775334224,0.0001292787885176949,7.50711707431557e-05,8.381968655157834e-05,8.271092665381729e-05,0.00011659155289916747,0.00014540428719556076,0.00012922426668637854
1lqth0u,Hilton Honors - No Fee Card (Upgrade?),4,6,0.3075682148337364,0.25,0.05898238388162396,0.04271357440608798,0.03090044884095885,0.44744745393594104,0.5527473092079163,0.49142326911290485,0.48850126564502716,0.5850215554237366,0.3596201241016388,0.3524360656738281,0.3596201241016388,0.5992697477340698,0,4,0.0,0.019715577363967896,1.0397207708399179,0.3120218965147642,0.75,0.6666666666666666,approval,0.5,0.5,0.0,0.25,0.25,124.22258248804845,82.0,1.2360455968960045,2.0,1.5,2.0,1.3333333333333333,0.0004855016159126535,0.00056202377891168,0.0005431395082268863,1.548165954545766e-06,1.914851054607425e-06,1.7846080936578802e-06,3.973751381636248e-05,5.9860005421796814e-05,5.309322186803911e-05,2.1987107629684033e-05,2.6557245291769505e-05,2.5328692390758076e-05,0.00011839156832138542,0.00012951024109497666,0.00012915656843688337,7.589688357256819e-05,8.38748601381667e-05,8.111526040011086e-05,0.0001238438092011999,0.00014276982180187284,0.0001381627099116637
1ludebv,Which card should I pick?! Amex Delta Platinum or Hilton Surpass,6,15,0.2525423193971316,0.0,0.030613867073814673,0.018953541879801434,0.014131765277196003,0.4416372875372569,0.49375133911768593,0.4634926915168762,0.46359342336654663,0.5757855176925659,0.44170352816581726,0.4632398188114166,0.548641562461853,0.6765702366828918,1,5,0.16666666666666666,0.19984066765755415,-0.0,0.0,0.8333333333333334,0.0,neutral,1.0,0.3333333333333333,0.16666666666666666,0.0,0.5,70.37459295323372,68.75,0.7951931407145053,2.0,1.1666666666666667,1.0,1.0,0.0005680536269210279,0.0010440123733133078,0.0008030614990275353,2.603005100354494e-06,8.888655429473147e-06,5.179182892334211e-06,6.0525457229232416e-05,0.0002050684706773609,0.00012252099077159073,2.256490855264322e-05,3.680595546029508e-05,2.9515350433939602e-05,0.00011871141517379631,0.00014288756938185543,0.00014182845916366205,9.21854055680645e-05,0.0001751989620970562,0.0001285154212382622,0.00014410730309085315,0.0002627882756011483,0.00020086416445034655
1mf1emz,Hilton Amex Surpass kind of amazing for $15k/yr of spend,57,1596,0.3155534743217,0.08771929824561403,0.048341775224468544,0.03188179162853877,0.025915087759851487,0.4908948863546054,0.4945935330874191,0.487743700207923,0.49580487608909607,0.6500276327133179,0.27998086810112,0.27586591243743896,0.7273679375648499,0.51579749584198,3,54,0.05263157894736842,0.08488907014722363,1.7702890161368443,0.531266616659061,0.8771929824561403,0.6785714285714286,neutral,0.5087719298245614,0.3684210526315789,0.15789473684210525,0.14035087719298245,0.3333333333333333,85.43327552867939,45.0,1.4033708083961745,8.0,3.1228070175438596,1.2285714285714286,2.6866666666666665,0.003972771283945788,0.1773090809583664,0.0010788237443193787,3.876841611528155e-06,0.00011573643860174343,2.1138917873031456e-06,0.0026598551705096164,0.1477537602186203,8.886562427505851e-05,2.9053119489394146e-05,0.00017040144302882254,2.890291907533537e-05,0.0007179613546070055,0.02905810810625553,0.00020476045319810509,9.914721158565953e-05,0.0006118040182627738,0.00013230535550974308,0.0012471108302914986,0.05916981519718926,0.00025297803241907475
1mqio1p,Hilton Honors Amex Surpass Card - Big Boo Boo,2,1,0.3290899246931076,0.5,0.04945098935356882,0.029928879659107743,0.023445719989634923,0.6347705125808716,0.5204051733016968,0.5719265937805176,0.5719265937805176,0.5719265937805176,0.6233148574829102,0.6233148574829102,0.6233148574829102,0.6233148574829102,0,2,0.0,0.03186424728482962,-0.0,0.0,1.0,0.0,neutral,1.0,0.0,0.0,0.0,1.0,21.5,21.5,0.589041095890411,1.0,1.0,0.0,0.0,0.00047681537398602813,0.0005212031537666917,0.000512325597810559,1.419728562268574e-06,1.4515587736241287e-06,1.4451927313530176e-06,3.05188095808262e-05,3.361489871167578e-05,3.299568088550586e-05,2.189326914958656e-05,2.485415097908117e-05,2.4261974613182246e-05,0.000110534700070275,0.00011699708556989208,0.00011570460846996867,8.035645805648528e-05,8.1005557149183e-05,8.087573733064345e-05,0.00012025638990091161,0.00012864046378050867,0.00012696364900458926
1nm8xzx,When To Cancel My Two Hilton Surpass Cards?,2,1,0.29771600663661957,0.0,0.06206427719772667,0.04275100457978151,0.03568264260793423,0.4957176148891449,0.5429547429084778,0.5182620286941528,0.5182620286941528,0.5182620286941528,0.23777809739112854,0.23777809739112854,0.23777809739112854,0.23777809739112854,1,1,0.5,0.482302650809288,0.6931471805599453,0.20801459767650946,0.5,1.0,curiosity,0.5,0.0,0.0,0.5,0.5,3.5,3.5,0.08641975308641975,2.0,1.5,1.0,1.0,0.0004989842127542943,0.0005065021687187254,0.0005049985775258392,1.4972653161748894e-06,1.5944669939926825e-06,1.575026658429124e-06,3.580964767024852e-05,4.020300548290834e-05,3.932433392037638e-05,2.3413687813444994e-05,2.4194427169277333e-05,2.4038279298110866e-05,0.00011657997310976498,0.00011962640564888716,0.00011901711914106273,7.627245940966532e-05,8.071308548096567e-05,7.98249602667056e-05,0.00012542620767893214,0.00012704849363368945,0.000126724036442738
1nmq0jy,"Folks who own Hilton Surpass card, do you have an offer to upgrade to Aspire for about half the points of a new sign up?",1,0,0.29010525345802307,0.0,0.0,0.0,0.0,0.0,0.0,0.0,0.0,0.0,0.0,0.0,0.0,0.0,0,1,0.0,0.042688239365816116,-0.0,0.0,1.0,0.0,neutral,1.0,0.0,0.0,0.0,1.0,0.0,0.0,0.0,1.0,1.0,0.0,0.0,0.0006451694061979651,0.0006451694061979651,0.0006451694061979651,2.4926810056058457e-06,2.4926810056058457e-06,2.4926810056058457e-06,4.8990565119311213e-05,4.8990565119311213e-05,4.8990565119311213e-05,4.6802852011751384e-05,4.6802852011751384e-05,4.6802852011751384e-05,9.070131636690348e-05,9.070131636690348e-05,9.070131636690348e-05,0.00013290828792378306,0.00013290828792378306,0.00013290828792378306,0.00016117751810422001,0.00016117751810422001,0.00016117751810422001
1o1irrs,Wait 1.5 years to apply for Chase cards or restart clock with Hilton Surpass?,14,91,0.29607245096793544,0.07692307692307693,0.07724238206179292,0.05866825939936696,0.05192577323257804,0.47930299810000826,0.5436367385990017,0.495733978001626,0.4777925908565521,1.0,0.4344995617866516,0.47928228974342346,0.7708422541618347,0.6629853844642639,3,11,0.21428571428571427,0.239012558412339,1.569152946203119,0.4709053545217771,0.7857142857142857,0.9230769230769231,gratitude,0.35714285714285715,0.42857142857142855,0.14285714285714285,0.07142857142857142,0.35714285714285715,56.26268564438038,99.75,0.8694013234230965,5.0,2.357142857142857,1.25,2.625,0.0007222675984459263,0.0031507143285125494,0.001082584413234144,1.511308677696174e-06,2.172932909161318e-06,1.9747586179619243e-06,4.3955394435865204e-05,0.0001062246592482552,8.001470232557036e-05,2.6530856302997563e-05,9.30378955672495e-05,3.261674864916131e-05,0.00016392899020242373,0.0005443805712275207,0.0002533091217628679,8.831993389841435e-05,0.00020368395780678838,0.00011062880148529075,0.00017441901366055393,0.0006833690575452541,0.00026018809101249936
1pa4wbu,In between Hilton Honors Surpass and Marriott Bonvoy Boundless,4,6,0.2367455931380391,0.0,0.0880301270835417,0.03951788897077715,0.025790574791917435,0.4951128860314687,0.5016626765330633,0.49814759691556293,0.49855390191078186,0.5580015182495117,0.44226038455963135,0.42636072635650635,0.44226035475730896,0.6773136258125305,0,4,0.0,0.06970950309187174,0.5623351446188083,0.16875769266311968,1.0,0.3333333333333333,neutral,0.75,0.75,0.25,0.0,0.0,24.41823089414956,16.5,0.23592493617535806,1.0,1.0,0.0,0.0,0.0005129312776261941,0.0006601998466067016,0.0006163269048556686,1.4000393946389522e-06,1.6582885109528434e-06,1.5714009578005061e-06,3.815230411419179e-05,5.2780767873628065e-05,4.7371243636007423e-05,1.92357456398895e-05,2.1120920791872777e-05,2.0618610687961336e-05,0.00013058283002465032,0.00014420677325688303,0.00014326851087389513,7.005005136306863e-05,7.294394163182005e-05,7.278065822902136e-05,0.0001287253746937722,0.00015808663276099347,0.00014989307589795923
1qbxes6,Are Hilton gift cards not available to buy? Trying to use the Amex Surpass allowance.,12,66,0.3214215139547984,0.16666666666666666,0.0429349278495298,0.03529748094063382,0.03320945365455607,0.4757104351213484,0.48017526305083075,0.46523329480127856,0.4758684039115906,0.5844618678092957,0.26346921920776367,0.18509060144424438,0.6225406527519226,0.5821091532707214,3,9,0.25,0.2614705990999937,1.791759469228055,0.5377099345963751,1.0833333333333333,0.8181818181818182,neutral,0.3333333333333333,0.16666666666666666,0.0,0.4166666666666667,0.4166666666666667,22.503549102802033,31.5,0.8309002745649982,3.0,1.9166666666666667,1.6,1.7894736842105263,0.07715410286861395,0.8722519874572754,0.042529443185776485,0.00012360935896064498,0.0014315226580947638,3.1700865883976815e-05,0.06041691825203088,0.7015377283096313,0.02071174695593073,7.957105026434874e-05,0.00034394764224998653,0.00030279016500571747,0.016842092977337113,0.19712254405021667,0.0033435050791013068,0.0002424080460817398,0.0014885042328387499,0.00043256661447230735,0.025809783758881447,0.29569321146603517,0.011225993880854431
1r2dt1t,Need some recommendations on a card used for international travels,13,78,0.2996256878742805,0.0,0.0425035080978429,0.03732326907755735,0.036999649100161416,0.4414384078520995,0.4750781930409945,0.44886735540169936,0.4400583654642105,0.6329616904258728,0.18319082260131836,0.10878154635429382,0.6340086460113525,0.5468992590904236,0,13,0.0,0.07599101731410393,1.6260206924207543,0.48797145777083767,0.6923076923076923,0.9166666666666666,neutral,0.38461538461538464,0.5384615384615384,0.07692307692307693,0.23076923076923078,0.15384615384615385,45.68013305817987,58.0,1.1621168879771786,5.0,2.1538461538461537,1.1428571428571428,2.1052631578947367,0.0015045187565892076,0.013560631312429905,0.000815074855927378,2.514703160508921e-06,1.5246119801304303e-05,2.197208914367366e-06,0.00035203641989657906,0.004124142695218325,9.485396003583449e-05,2.8387333189199966e-05,0.0001206970409839414,2.902856831497047e-05,0.00021184134731391587,0.0012544235214591026,0.0002163073368137703,9.214116905171137e-05,0.0002472107298672199,0.00010129213478649035,0.00036523995486685383,0.0032203919032932995,0.00020091773177076296
1r7ergc,Hilton Upgrade train datapoints,3,3,0.33807820081710815,0.3333333333333333,0.04645618190458838,0.03306938063881997,0.028415437009495958,0.4858177701632182,0.5048258105913798,0.492644468943278,0.5019152164459229,0.5100312232971191,0.45293283462524414,0.449751079082489,0.45293283462524414,0.5386696457862854,1,2,0.3333333333333333,0.3512479265530904,1.0986122886681096,0.32969533691986563,1.0,1.0,neutral,0.3333333333333333,0.0,0.3333333333333333,0.3333333333333333,0.3333333333333333,27.644569488820444,31.5,0.6688202295682365,3.0,2.0,1.0,1.3333333333333333,0.001208979500612865,0.0027626780793070793,0.0023115373332984746,1.6980883780585525e-06,2.4032472083490575e-06,2.1979671146254986e-06,8.385373075725511e-05,0.00019619443628471345,0.00016257192910416052,2.650506636806919e-05,3.709592783707194e-05,3.468124887149315e-05,0.0003095162901445292,0.0007144036935642362,0.0005946922363364137,9.95404504161949e-05,0.00014035720960237086,0.00013162651157472283,0.000288348854446162,0.0006421887656339701,0.0005395246362240869
1ra0hwn,Amex Hilton Aspire card upgrade/downgrade tricks.,13,78,0.29711979356679047,0.0,0.06299023956280123,0.050204785870942806,0.04524404460340179,0.5203365775255057,0.5296518321220691,0.5219734708468119,0.5128893256187439,0.7212101817131042,0.2631652057170868,0.21606075763702393,0.5804445743560791,0.48568597435951233,0,13,0.0,0.07349357718171981,1.4844575358174863,0.4454881239385379,0.8461538461538461,0.5,neutral,0.46153846153846156,0.0,0.0,0.23076923076923078,0.7692307692307693,15.056894074529371,27.0,0.6396719704865419,4.0,1.8461538461538463,1.0,1.4545454545454546,0.0008965370652731508,0.003553165588527918,0.0011061161290854215,1.8230072275680589e-06,4.414610884850845e-06,2.212425306424848e-06,7.166916083616133e-05,0.00047441653441637754,5.924618380959146e-05,3.39573307428509e-05,0.00010015736916102469,4.592030163621531e-05,0.00016677821818470524,0.0006034887628629804,0.00018450008356012403,0.00011303503617035368,0.0002908857131842524,0.00016022647323552522,0.00021396663640579832,0.0008179145825124579,0.00026875526424040194
1rfgp6s,Hilton Honors No AF or Surpass,9,36,0.2654773559835222,0.0,0.04430969938587782,0.03440538953967374,0.030833043726689244,0.47966669003168744,0.4948459913333257,0.47862200687328976,0.4738583564758301,0.5940501689910889,0.23304565250873566,0.22123566269874573,0.4409237504005432,0.4481065571308136,0,9,0.0,0.042388087759415306,1.1490596969706202,0.3448346863050743,1.0,0.625,neutral,0.5555555555555556,0.3333333333333333,0.2222222222222222,0.2222222222222222,0.2222222222222222,32.05897343611891,30.0,0.890527039892192,4.0,1.6666666666666667,1.0,1.6666666666666667,0.00045233558436545235,0.0006065383204258978,0.0005347319529391825,1.4834282006227618e-06,1.7939930785360048e-06,1.7072064565581969e-06,3.288138921359657e-05,4.771235035150312e-05,4.338139478932135e-05,2.230845024718696e-05,3.021514930878766e-05,2.7153609698871152e-05,0.00010777266207797866,0.00013672570639755577,0.00011924748250748963,7.856122990940801e-05,9.93640860542655e-05,9.169466793537141e-05,0.00011589045733570756,0.00015104422919876015,0.00013251228751490391
1rqkjq3,Hilton Honors + Surpass or Atmos Ascent?,11,55,0.30120692910118535,0.2727272727272727,0.041988244118320035,0.023368283958896497,0.016701386184171562,0.47037969177419486,0.46684049747206946,0.4641226486726241,0.4665411114692688,0.5960482358932495,0.42960837483406067,0.39822080731391907,0.6292595267295837,0.593073844909668,1,10,0.09090909090909091,0.13382423923096873,1.0335620542068176,0.3101736556236982,0.9090909090909091,0.8,neutral,0.6363636363636364,0.7272727272727273,0.0,0.0,0.2727272727272727,132.86729849087945,127.0,0.9908747684065586,6.0,2.5454545454545454,1.1666666666666667,2.590909090909091,0.03836923207696104,0.4120190143585205,0.004848326090723276,2.6269420293994532e-06,7.949144674057607e-06,4.086226454091957e-06,0.00022976309975836722,0.001631859689950943,0.0004077901830896735,2.8110362770596772e-05,8.148838969646022e-05,2.9760623874608427e-05,0.034240155732814775,0.37476980686187744,0.0007306335610337555,0.00010980032212418419,0.00030917112599126995,0.0001316005364060402,0.012163281422743059,0.13125639571228476,0.0012386429020807554
1rr8d2n,Considering upgrading Hilton Honors Amex,9,36,0.30529455675019157,0.0,0.036117520428673874,0.01946566612674821,0.014160114687216289,0.4967671616209878,0.4857182933224572,0.48193446381224525,0.4859094023704529,0.5775144100189209,0.3855963945388794,0.41701456904411316,0.6032875180244446,0.6279080510139465,0,9,0.0,0.08760897794531451,0.936888307539016,0.28116170681545455,1.0,0.75,neutral,0.5555555555555556,0.6666666666666666,0.0,0.2222222222222222,0.1111111111111111,69.86194499170985,64.0,0.7800961599570578,3.0,1.6666666666666667,1.3333333333333333,1.4285714285714286,0.00046185787262705463,0.0005577275296673179,0.0005085778189823032,1.3495777895716149e-06,1.4598829238821054e-06,1.4386148450284963e-06,3.273218903308993e-05,4.4315245759207755e-05,4.146578285144642e-05,1.9096474514097077e-05,2.214445521531161e-05,2.1269934586598537e-05,0.0001230772823974904,0.00016847674851305783,0.00013869625399820507,7.106721912148512e-05,8.054793579503894e-05,7.678188267163932e-05,0.00011819676924713147,0.00014185554795176358,0.00012836776298854601
1rxljgu,"$25k Wedding Spend Coming Due, 6/24 Looking to Churn",4,6,0.2357459869235754,0.0,0.045860798080116096,0.03398171200227782,0.02972497939096666,0.4373043129841487,0.4816534121831258,0.4547980725765228,0.46302400529384613,0.4918889105319977,0.22010348737239838,0.22775799036026,0.22010348737239838,0.25823143124580383,0,4,0.0,0.026770648546516895,0.5623351446188083,0.16875769266311968,0.75,0.6666666666666666,neutral,0.75,0.25,0.0,0.25,0.5,18.280795934531955,19.25,0.5757731003002191,2.0,1.25,1.0,1.0,0.0005467589071486145,0.000678200158290565,0.000672800064785406,1.4173598685829347e-06,1.6582885109528434e-06,1.5928860989333772e-06,3.5124719943269156e-05,5.2780767873628065e-05,4.628298665920738e-05,2.112425727318623e-05,2.5506386009510607e-05,2.4190746444219258e-05,0.00013743068848270923,0.00019727510516531765,0.0001804163432097994,7.999538138392381e-05,9.258829231839627e-05,8.923767672968096e-05,0.0001369752190167143,0.00017001827016353369,0.00016643877894277162
1s05qes,Is it worth/is there any reason in keeping my Hilton Surpass ($150 annual) if I plan to get the Marriott Brilliant ($650)?,3,3,0.2881774107615153,0.0,0.12918244954431937,0.07285389398056714,0.05076838169421971,0.5303888519605001,0.5289537707964579,0.5291332205136617,0.5536150932312012,0.5629735589027405,0.4912858307361603,0.47163912653923035,0.4912858307361603,0.5396031141281128,0,3,0.0,0.07578600073854129,-0.0,0.0,1.0,0.0,neutral,1.0,0.3333333333333333,0.3333333333333333,0.0,0.3333333333333333,11.897712198383164,14.5,0.29498459995991316,2.0,1.3333333333333333,1.0,1.0,0.00041836055849368375,0.00044447314576245844,0.0004381248785648495,1.4304461804689101e-06,1.516427573733381e-06,1.491004832132603e-06,3.0287386228640873e-05,3.4809614589903504e-05,3.382549439265858e-05,2.0866991083797377e-05,2.1670721253030933e-05,2.1452122382470407e-05,0.00010674579971237108,0.00010769991058623418,0.00010762939200503752,7.658189376040052e-05,8.217939466703683e-05,8.090487972367555e-05,0.00010904551257656042,0.00011427067446826793,0.00011288465706229545
1s2ty3e,Data point: sucessful Credit Limit Reallocation on new account via Amex Corporate Secretary's Office,4,6,0.3068049028515816,0.0,0.06249836946160572,0.04744105932342232,0.039838900491033516,0.5069337536891302,0.4774380524953206,0.4909178167581558,0.48439522087574005,0.5631368160247803,0.23605310916900635,0.18293054401874542,0.23605312407016754,0.38951045274734497,0,4,0.0,0.041860724333673716,1.0397207708399179,0.3120218965147642,0.75,0.6666666666666666,neutral,0.5,0.25,0.0,0.25,0.5,7.562241731127087,8.25,0.26768997278325973,3.0,1.75,1.0,1.3333333333333333,0.0005594533940893598,0.0007847415399737656,0.000752447743434459,1.5006243643256312e-06,1.7996737824432785e-06,1.7051670397449925e-06,3.7121697459951974e-05,5.547935143113136e-05,4.885597809334286e-05,2.311763864781824e-05,2.909239992732182e-05,2.828528595273383e-05,0.00012253463137312792,0.00017815387400332838,0.00016254743386525663,7.859181278035976e-05,9.864413732429966e-05,9.18478544917889e-05,0.0001370532997858239,0.00018755275277726469,0.00017943187018545358
1s5ekoc,Hilton Amex for wife and different Amex for myself?,5,10,0.2792555809020996,0.0,0.04308938964567996,0.02469795427806517,0.018742645525865326,0.5127124786376953,0.5050349652767181,0.5026280760765076,0.49740569293498993,0.5586555600166321,0.42803603410720825,0.45745769143104553,0.42803603410720825,0.5951254963874817,1,4,0.2,0.2820591043680906,0.5004024235381879,0.15017158220936364,0.6,0.5,neutral,0.8,0.2,0.0,0.4,0.4,36.466971357654586,62.0,0.6037578039346786,2.0,1.4,1.0,1.0,0.0018045789969619364,0.007013823837041855,0.004431271366775036,2.6054299723909933e-06,7.0213332037383225e-06,4.85248601762578e-06,0.0004313110624934779,0.002000363077968359,0.0012178609365946615,2.7853854408022017e-05,4.70299091830384e-05,3.955771244363859e-05,0.00042372729803901165,0.0016570992302149534,0.0010433709365315735,9.062574099516496e-05,0.00014368108531925827,0.00012200735800433905,0.0004634503971450007,0.0018115030788218671,0.0011418722131490238
1s7ldp1,Help me reduce/focus my travel setup!,6,15,0.29368147253990173,0.0,0.03599166067154879,0.0257263757013048,0.021865034740536096,0.5239627500375111,0.4725591997305552,0.4947694520155589,0.4808138906955719,0.5710884928703308,0.36638399958610535,0.35300055146217346,0.4277828335762024,0.48943597078323364,0,6,0.0,0.027045721809069317,0.8675632284814612,0.2603571376943625,0.8333333333333334,0.4,neutral,0.6666666666666666,0.3333333333333333,0.16666666666666666,0.0,0.5,35.13505688371975,52.5,0.7003665823997293,2.0,1.3333333333333333,1.0,1.0,0.001704912312561646,0.007165651302784681,0.004078122787177563,2.1710202986469085e-06,3.985680905316258e-06,3.5305795336171286e-06,8.684242038725642e-05,0.0002975533716380596,0.00019221821639803238,3.7510230868065264e-05,8.514425280736759e-05,6.09220933256438e-05,0.00043616520876336534,0.0018301480449736118,0.001067678938852623,0.00011585244768260357,0.00018846418242901564,0.00017820910579757765,0.0003972422734269306,0.0015950061054657756,0.0009295511127144588
1s8bk9u,Amex Hilton credit card suggestion,5,10,0.25543713495135306,0.0,0.03611287781049612,0.0246156440352337,0.019202740908195404,0.40450637638568876,0.5519538521766663,0.4580298483371735,0.44809363782405853,0.5699155330657959,0.26103276014328003,0.2568247318267822,0.26103276014328003,0.5278142094612122,0,5,0.0,0.030122113600373267,1.3321790402101223,0.399789099421175,1.0,1.0,neutral,0.4,0.6,0.2,0.0,0.2,38.61087929586686,75.0,0.6435146549311143,2.0,1.4,2.0,1.3333333333333333,0.0005334366695024073,0.0007787932991050184,0.0006739881238900125,1.5918211602183874e-06,1.911918843688909e-06,1.8638895198819227e-06,4.132170106458943e-05,5.285571751301177e-05,5.0798370648408305e-05,2.498249123163987e-05,4.921026265947148e-05,3.7581760261673486e-05,0.00011865702690556645,0.00014133895456325263,0.00013333967071957887,7.650761981494724e-05,0.00010047026444226503,8.938717655837536e-05,0.00013274955494656145,0.00018743006952111804,0.0001636097625502468
1s8m4fl,Amex Hilton quarterly credit cutoff,1,0,0.2894085645675659,0.0,0.0,0.0,0.0,0.0,0.0,0.0,0.0,0.0,0.0,0.0,0.0,0.0,0,1,0.0,0.296653151512146,-0.0,0.0,1.0,0.0,neutral,1.0,0.0,0.0,0.0,1.0,0.0,0.0,0.0,1.0,1.0,0.0,0.0,0.00039827515138313174,0.00039827515138313174,0.00039827515138313174,1.3892741890231264e-06,1.3892741890231264e-06,1.3892741890231264e-06,3.134766666335054e-05,3.134766666335054e-05,3.134766666335054e-05,1.7348826077068225e-05,1.7348826077068225e-05,1.7348826077068225e-05,9.954750566976145e-05,9.954750566976145e-05,9.954750566976145e-05,6.046274211257696e-05,6.046274211257696e-05,6.046274211257696e-05,0.00010139519434915201,0.00010139519434915201,0.00010139519434915201
1saygnw,Amex Hilton Surpass - 1k limit,5,10,0.2663200214505196,0.0,0.034853954936522435,0.02299902568318373,0.01817794954634821,0.507856085896492,0.5395422875881195,0.5083417594432831,0.509156197309494,0.5940552353858948,0.4093748927116394,0.3889411687850952,0.4093748927116394,0.4922334849834442,0,5,0.0,0.03294594585895538,0.5004024235381879,0.15017158220936364,1.0,0.25,neutral,0.8,0.4,0.0,0.2,0.4,68.54370868285433,88.0,0.9188164702795487,2.0,1.2,1.0,1.0,0.0006860393099486828,0.0009514712728559971,0.0008956121513620019,1.8931819340650691e-06,3.116666903224541e-06,2.519810641388176e-06,4.883395813521929e-05,8.624258771305904e-05,6.930224044481293e-05,2.5355872639920563e-05,2.9800041374983266e-05,2.8129261772846802e-05,0.00013397669681580737,0.00018424233712721616,0.00016691932978574187,0.00010366894712205976,0.00016123248497024179,0.00013683377474080772,0.00016662799443262582,0.00022801306782109046,0.00021291604884557576
1sf66pj,Hilton Aspire & Surpass Hilton Credits - Ways to utilize?,4,6,0.30607379972934723,0.0,0.05606984222203176,0.04301058654155233,0.03470273375275496,0.42110731701056164,0.45175088942050934,0.4349862039089203,0.4175896644592285,0.5797396302223206,0.1952138990163803,0.18548741936683655,0.1952138990163803,0.3697369396686554,0,4,0.0,0.10081017762422562,0.5623351446188083,0.16875769266311968,0.75,0.3333333333333333,neutral,0.75,0.5,0.0,0.0,0.5,21.706853756359994,27.25,0.8596773764895047,2.0,1.25,1.0,1.0,0.0004293236997909844,0.0004638523096218705,0.0004518865927821025,1.3922188486503728e-06,1.5247571809595684e-06,1.4929417943676527e-06,2.9555327728303382e-05,3.410587305552326e-05,3.362996103533078e-05,2.0780216345883673e-05,2.3153846996137872e-05,2.3013401550997516e-05,0.00010574683801678475,0.0001103385366150178,0.00011002042156178505,7.662393727514427e-05,8.986989996628836e-05,8.618740466772578e-05,0.00011057037300095848,0.00011901188973221603,0.00011596522681240156
ch2z70,Hilton Honors Surpass American Express vs Chase Sapphire Preferred Card,4,6,0.2919282764196396,0.0,0.08006887880440369,0.0476572458531064,0.035423343698843285,0.48089075088500977,0.5093580931425095,0.4934934029976527,0.49438072741031647,0.5199460387229919,0.4169740676879883,0.3833075761795044,0.4169740676879883,0.5724717974662781,0,4,0.0,0.032003968954086304,0.5623351446188083,0.16875769266311968,0.75,0.3333333333333333,neutral,0.75,0.25,0.25,0.0,0.5,16.95582495781317,30.0,0.38535965813211753,1.0,1.0,0.0,0.0,0.0004276997715351172,0.0004455714370124042,0.00044207863684277984,1.3712051725178753e-06,1.4692017202833085e-06,1.4563002537215652e-06,3.065622422582237e-05,3.576116796466522e-05,3.4385788239887916e-05,1.9839174456137698e-05,2.1552585167228244e-05,2.1448582447192163e-05,0.00010958570965158287,0.00011654044647002593,0.00011469528180896305,7.331394226639532e-05,7.75647276896052e-05,7.657708847546019e-05,0.00011041100455126221,0.00011373621182049949,0.00011297150440062371
f0bakc,Best Hotel Credit Card?,5,10,0.3032046616077423,0.0,0.049411753936955446,0.030149120605567035,0.023070689051764893,0.5415942788124084,0.5483682751655579,0.5431736290454865,0.5503865778446198,0.567711353302002,0.6446563601493835,0.6422538161277771,0.6446563601493835,0.6812272667884827,0,5,0.0,0.02515936307609081,1.0549201679861442,0.3165832603505712,0.6,0.75,neutral,0.4,0.6,0.2,0.0,0.2,27.080620376941145,35.0,0.503357256076973,1.0,1.0,0.0,0.0,0.00041466131224296985,0.0005309670814312994,0.00048175852280110123,1.3640743190990178e-06,1.4245656529965345e-06,1.4197835298546124e-06,2.8896908042952417e-05,3.2124040444614366e-05,3.1161748484009874e-05,1.909044149215333e-05,2.3512067855335772e-05,2.158546922146343e-05,0.00010877883323701099,0.00012485285697039217,0.00011949733598157764,7.652307831449435e-05,9.112603584071621e-05,8.739342592889443e-05,0.00010821910794144666,0.00013357500241302964,0.00012286192850297084
ip5cy1,Can you reverse transfer rewards points?,4,6,0.32172224670648575,0.0,0.04931559399728199,0.04066503890093453,0.037783949645228236,0.48163459201653797,0.4450537860393524,0.45918400088946026,0.474172979593277,0.48912641406059265,0.25175872445106506,0.22858446836471558,0.25175872445106506,0.5007926225662231,0,4,0.0,0.07329244306311011,-0.0,0.0,1.0,0.0,neutral,1.0,0.0,0.0,0.75,0.25,11.76860229593982,11.0,0.7355376434962387,3.0,1.75,1.0,1.3333333333333333,0.0004510838189162314,0.0006684997351840138,0.0005902623786823825,1.3995669974065095e-06,1.496662321187614e-06,1.4731365808984265e-06,2.730756750679575e-05,3.263849066570401e-05,3.111396326858085e-05,2.3622028493264224e-05,4.136832649237476e-05,3.4686120488913734e-05,0.00010400486644357443,0.00012374971993267536,0.00011623701138887554,8.613147838332225e-05,0.00010538765491219237,0.00010062433502753266,0.00011559155445676576,0.000162190098251358,0.00014560589015673032
la5ph7,New Amex offer - $5-20 credit after equal spend at U.S. Restaurants (1x/month through 2021) - Delta/Hilton/Marriott branded cards,49,1176,0.30858515236112805,0.1111111111111111,0.05967260903466124,0.04339276335896555,0.037467814356279376,0.5155347001795866,0.49508718038801436,0.501921342318358,0.5012595057487488,0.756067156791687,0.3031403422355652,0.2883540391921997,0.7210584282875061,0.5070957541465759,21,28,0.42857142857142855,0.45070118726972414,1.6676526993037906,0.5004652908341772,0.9183673469387755,0.7708333333333334,neutral,0.5306122448979592,0.2653061224489796,0.20408163265306123,0.20408163265306123,0.32653061224489793,18.531106709217024,25.0,0.6143601006438661,6.0,2.36734693877551,1.375,2.76271186440678,0.023169308151854962,0.6299178004264832,0.0031623289454728383,1.572344540688521e-05,0.00032766893855296075,3.8020325519028137e-06,0.013928048658717485,0.47804123163223267,0.00018735388293862366,4.6137814228577366e-05,0.00039516514516435564,5.440734821604569e-05,0.008026691229671848,0.35453152656555176,0.0004593898134771735,0.000278294831722243,0.006461371202021837,0.00014587447512894912,0.007577367355267001,0.1978596996680911,0.0007206749615458348
mz9qjf,Hilton Surpass - Not eligible for welcome offer,12,66,0.30256737271944684,0.08333333333333333,0.057722698412190486,0.04097628544448027,0.03380041892793703,0.4850755049423738,0.49885839223861694,0.48522267468047864,0.4885161221027374,0.5847033858299255,0.25485217571258545,0.23456892371177673,0.5520576238632202,0.4888438582420349,4,8,0.3333333333333333,0.3407438520031671,1.6987829895138007,0.5098075416218918,0.75,0.9090909090909091,neutral,0.4166666666666667,0.3333333333333333,0.25,0.16666666666666666,0.25,29.35273979262129,16.75,0.8762011878394415,3.0,1.5833333333333333,1.5,1.5,0.0006871181637203941,0.0016854888526722789,0.001495472621172667,1.5008405966909777e-06,2.0882907847408205e-06,2.028943754339707e-06,4.193106042293948e-05,9.289712033933029e-05,8.315142367791852e-05,2.5827289543182513e-05,4.9188394768862054e-05,4.6211117660277526e-05,0.00015309086302295327,0.00036725032259710133,0.00026673011889215563,8.249623472996366e-05,0.00010511205618968233,0.00010125665430678056,0.00016532740867268732,0.00038292073145385075,0.00033068536735261973
rluo7b,Hotel/travel card recommendation,7,21,0.32105797103473116,0.0,0.06318278122677562,0.04954379674289807,0.043794206875050035,0.5066670094217572,0.5557156134219396,0.5281273282709575,0.530709445476532,0.631037175655365,0.29893794655799866,0.26757654547691345,0.4521322250366211,0.5023576021194458,2,5,0.2857142857142857,0.2547230457088777,1.0042424730540764,0.30137480157281055,1.0,0.5,neutral,0.42857142857142855,0.5714285714285714,0.0,0.0,0.42857142857142855,14.593820330425297,20.0,0.6305971747714635,5.0,2.5714285714285716,1.0,1.9090909090909092,0.0009182041394524276,0.0030475975945591927,0.0016599940601736314,1.87575798398549e-06,4.293139227229403e-06,2.6732590868050476e-06,5.413300199766776e-05,0.0001706685870885849,9.28711713640951e-05,3.26950014693596e-05,8.196894486900419e-05,5.1137288392055796e-05,0.00014359191741927395,0.00024400399706792086,0.00021173624554648998,9.964142477006785e-05,0.00018074763647746295,0.0001303294149693102,0.00020835687384879704,0.0006215466498815658,0.0003571753646042454
tj22w2,Hilton Honors Surpass® Credit Card did not give me a welcome offer,12,66,0.2961895118157069,0.08333333333333333,0.061364814041766476,0.0391898230260161,0.03115559866159402,0.5138900225812738,0.5408426527724122,0.5249375344225855,0.5217016935348511,0.6541865468025208,0.3203290104866028,0.3062647581100464,0.5738158226013184,0.5347616672515869,4,8,0.3333333333333333,0.3210328980349004,1.9072839993213795,0.5723790342091267,0.9166666666666666,1.0,neutral,0.3333333333333333,0.16666666666666666,0.16666666666666666,0.16666666666666666,0.5,35.431467495559495,26.5,0.6902233927706395,7.0,3.3333333333333335,1.25,2.588235294117647,0.03775797051154465,0.23111659288406372,0.19359325931873178,2.8393735467110066e-05,0.00021139519230928272,0.00010202087416928411,0.006528583663869843,0.07171397656202316,0.00557310723088449,0.00021796908837738252,0.001980859087780118,0.0003503826512314846,0.001721417624745906,0.015245391987264156,0.003496446792269127,0.0017134031410629784,0.018777497112751007,0.0008384878936340104,0.007994622960844645,0.05351435376239048,0.03668621994638672
tvak8d,Hilton Honors American Express Surpass or Aspire?,9,36,0.300509942902459,0.0,0.046080883541326015,0.0340615375346938,0.029701334842896318,0.4722922866543134,0.48817138373851776,0.47306064599090153,0.4777979254722595,0.5779973268508911,0.29835745692253113,0.2667423188686371,0.5158358812332153,0.5466948747634888,0,9,0.0,0.03403164384265741,1.0027182645175161,0.3009173841088146,0.6666666666666666,0.625,neutral,0.6666666666666666,0.6666666666666666,0.0,0.1111111111111111,0.2222222222222222,50.35013209981813,30.0,1.1831623731027758,5.0,2.3333333333333335,1.25,2.1333333333333333,0.0006265424664080557,0.0015328899025917053,0.0012664425186812878,1.5093883752746883e-06,2.430850372547866e-06,1.8999228359461995e-06,3.4734853316978035e-05,5.8751669712364674e-05,5.676483560819179e-05,2.323427078307658e-05,3.4097349271178246e-05,3.3998003345914185e-05,0.00013570522423833609,0.00027950736694037914,0.00020532651105895642,0.00010886891282603351,0.00027789844898507,0.00019140597432851792,0.00015509918599129245,0.0003457187987502645,0.0003037659071803016
vb25hp,Hilton Honors American Express Surpass Card,4,6,0.30104099214076996,0.0,0.15322038670739765,0.12230286993621274,0.10328076514706146,0.5817098518212637,0.5748679538567861,0.5744317869345347,0.5620814859867096,0.6542503833770752,0.6157615780830383,0.5821385383605957,0.6157615780830383,0.7558269500732422,0,4,0.0,0.033869334030896425,1.0397207708399179,0.3120218965147642,1.0,0.6666666666666666,neutral,0.5,0.0,0.0,0.5,0.5,13.946325680981353,18.5,0.5165305807770871,2.0,1.25,1.0,1.0,0.0004593345947796479,0.0005252542905509472,0.0005118568224133924,1.3744154898631677e-06,1.451528419238457e-06,1.4436242054216565e-06,2.9712677132920362e-05,3.0159415473463014e-05,3.0092696943029295e-05,2.1009668671467807e-05,2.701115226955153e-05,2.5130941867246297e-05,0.0001150029529526364,0.00012964096094947308,0.00012594331274158322,8.191574488591868e-05,9.475411206949502e-05,9.127130906563253e-05,0.00011805834231874238,0.0001326576609509781,0.00012986172967922963
xq1q95,Is it bad to open multiple (3) cards at once?,3,3,0.3036152720451355,0.0,0.0415790441496884,0.028178536421090954,0.019966962298442113,0.5193591912587484,0.5895164608955383,0.5490811069806417,0.5515573620796204,0.5699010491371155,0.49164652824401855,0.5220965147018433,0.49164652824401855,0.5388431549072266,0,3,0.0,0.02074292115867138,1.0986122886681096,0.32969533691986563,0.6666666666666666,1.0,optimism,0.3333333333333333,0.0,0.3333333333333333,0.0,0.6666666666666666,56.04958122551458,64.0,0.740743364213849,1.0,1.0,0.0,0.0,0.0005117123461483667,0.0005572165828198195,0.0005493510980159044,1.4092031506152125e-06,1.5213466895147576e-06,1.5016838460724103e-06,3.45901571563445e-05,3.846102117677219e-05,3.8061748637119304e-05,2.1021557283044483e-05,2.278929969179444e-05,2.2695164079777894e-05,0.00012839646418190873,0.00015368222375400364,0.0001474006043281406,7.273633915853377e-05,8.784242527326569e-05,8.431592723354698e-05,0.0001283110111798022,0.00013812607761565232,0.00013679356261112237
yd8y9f,Is there any sort of disadvantage to applying for a Hilton Honors American Express Surpass?,7,21,0.2973164568344752,0.0,0.0718385170450923,0.04171304677208863,0.029937793089333104,0.47956673871903194,0.5466882132348561,0.5066349307696024,0.511902391910553,0.594251275062561,0.3277309536933899,0.2534673511981964,0.5097364187240601,0.6272159814834595,0,7,0.0,0.08018564698951584,1.5498260458782016,0.46510532026040424,0.5714285714285714,1.0,approval,0.2857142857142857,0.42857142857142855,0.2857142857142857,0.14285714285714285,0.14285714285714285,23.85928134128203,23.5,0.43493481611712037,4.0,2.0,1.0,1.5714285714285714,0.002642831889845963,0.014508794993162155,0.006536109955050056,2.7959916094135096e-06,1.0341228517063428e-05,5.306609591571035e-06,0.00015627598752741636,0.0008237615693360567,0.00037380468420451535,0.00018524229536914,0.001145766000263393,0.0004817639572138437,0.0004022012944915332,0.0018109037773683667,0.0009299452358391141,0.00010636403229519991,0.0002844946284312755,0.00016483931103721268,0.0005826185818564443,0.003097343699513052,0.0014121331687495828
__summary_mean__,__summary_mean__,9.177777777777777,96.24444444444444,0.2965690363401074,0.07176823339104041,0.05150291811749659,0.03518569892559022,0.02876886664266132,0.459298599850398,0.4727845736973002,0.46050483547584825,0.46174219482474854,0.55512908299764,0.3314310368564394,0.3119747893677817,0.46011824707190196,0.5104817145400578,1.2222222222222223,7.955555555555556,0.08865529937898359,0.1319014851485105,0.9411227081155225,0.2824324573241872,0.8628969098987895,0.5935383344254312,,0.609217031807884,0.34870648948656463,0.09443670863157079,0.16806292159988903,0.38879388028197553,38.97944053096269,41.516666666666666,0.7004659949404689,3.066666666666667,1.6946303313784519,0.9901322751322751,1.3264913339018918,0.008055976146400598,0.07577395861282842,0.016446645902405077,2.2182474635911166e-05,0.00015134572079963013,5.537905669370956e-05,0.0050456983425894684,0.05222196473235575,0.009828027995992875,3.851870228029449e-05,0.00015453112128953862,6.691142999140237e-05,0.0018142159747195803,0.023896564608730842,0.001291423855679265,0.0001422425940265061,0.000794603588939127,0.0001657957493929037,0.002519805705775392,0.02437861139960913,0.0047069212847194375
