thread_id,thread_title,comment_count,pair_count,mean_disagree_probability,hard_disagree_rate,self_bleu_2,self_bleu_3,self_bleu_4,self_bertscore_mean_precision,self_bertscore_mean_recall,self_bertscore_mean_f1,self_bertscore_median_f1,self_bertscore_top_k_mean_f1,semantic_mean_cosine,semantic_median_cosine,semantic_top_k_mean_cosine,semantic_p90_cosine,story_count,not_story_count,story_rate,mean_story_probability,emotion_entropy,emotion_entropy_normalized,avg_labels_per_comment,emotion_shift_rate,dominant_emotion,dominant_emotion_share,polite_rate,somewhat_polite_rate,neutral_rate,impolite_rate,length_std,length_iqr,length_cv,max_depth,avg_depth,avg_branching_factor,structural_virality,toxicity_mean,toxicity_max,toxicity_p90,severe_toxicity_mean,severe_toxicity_max,severe_toxicity_p90,obscene_mean,obscene_max,obscene_p90,threat_mean,threat_max,threat_p90,insult_mean,insult_max,insult_p90,identity_attack_mean,identity_attack_max,identity_attack_p90,aggression_score_mean,aggression_score_max,aggression_score_p90
thread_000,Title: Wyndham Rewards Earner Plus Card – Worth the $75 Annual Fee for 10 Free Nights? I’m a casual traveler (2-3 hotel ,3,6,,,0.0542014064875448,0.039968201494277024,0.03508323834943788,0.4867170751094818,0.5425628572702408,0.5116321394840876,0.5166962444782257,0.5543035268783569,0.379220575094223,0.3547145128250122,0.379220575094223,0.5252963304519653,0,3,0.0,0.03753493477900823,0.5623351446188083,0.16875769266311968,1.0,0.6666666666666666,neutral,0.75,0.3333333333333333,0.0,0.6666666666666666,0.0,5.734883511361751,7.0,0.27749436345298795,1.0,1.0,0.0,0.0,0.0004312154584719489,0.00046474876580759883,0.00045518272090703247,1.4627650368007987e-06,1.55373038523976e-06,1.5364096270786831e-06,2.963888740244632e-05,3.6020985135110095e-05,3.431098048167769e-05,2.1017927186524805e-05,2.2035525034880266e-05,2.1920953440712764e-05,0.0001052694739579844,0.00011034138151444495,0.00010930223506875337,8.324640900051843e-05,8.710521797183901e-05,8.625890623079612e-05,0.00011197515350937059,0.00011898131327825467,0.00011702900941751674
thread_001,**Title:** Rebuilding credit after bankruptcy - Firstcard Secured experience? **Body:** I filed for Chapter 7 about 18 m,8,28,,,0.05939496775285649,0.04198880183151107,0.03407724257424365,0.4929520527521769,0.5276077667872111,0.5078257123629252,0.5058339834213257,0.5648373961448669,0.3976033627986908,0.38336795568466187,0.6054537892341614,0.6209988594055176,2,6,0.25,0.20810282160528004,1.4750763110546947,0.44267280310989576,0.8571428571428571,0.8333333333333334,neutral,0.42857142857142855,0.375,0.125,0.25,0.25,23.065125189341593,19.5,0.6406979219261554,1.0,1.0,0.0,0.0,0.00042523145384620875,0.00046352349454537034,0.0004584802984027192,1.4487563078091625e-06,1.6252282648565597e-06,1.546925784623454e-06,2.9448548275468056e-05,3.664310133899562e-05,3.494398151815403e-05,2.1186614048929187e-05,2.4129356461344287e-05,2.2467858616437298e-05,0.00010462461250426713,0.00011453568731667474,0.00011308955799904652,7.482539785996778e-05,8.890839671948925e-05,8.140031495713629e-05,0.00010946089714044167,0.00011645613257845373,0.00011606236826651184
thread_002,Title: Choice Privileges Mastercard - $0 annual fee hotel card worth it? Body: Saw the offer for 60k bonus points when s,7,21,,,0.09172038985841298,0.06485131353233278,0.0547062019030897,0.5270440379778544,0.5303211212158203,0.5282751142978668,0.5265317559242249,0.5740151405334473,0.23701737821102142,0.20730352401733398,0.3771543800830841,0.4805561602115631,0,7,0.0,0.027788020936506137,0.45056120886630463,0.13521415251989277,0.8333333333333334,0.2,neutral,0.8333333333333334,0.0,0.42857142857142855,0.14285714285714285,0.42857142857142855,3.1091263510296048,5.5,0.15545631755148023,1.0,1.0,0.0,0.0,0.0005764990762275245,0.0010746188927441835,0.0009065697318874301,1.5605965667678641e-06,1.9916408291464904e-06,1.8061767605104252e-06,3.3930961373178956e-05,4.6061242755968124e-05,4.154752459726297e-05,3.7462722892606894e-05,0.00010657135135261342,7.263111328938978e-05,0.00012149965706547456,0.00017028821457643062,0.0001632613508263603,8.410777497504438e-05,0.00013003616186324507,0.00011023527767974884,0.0001425101315167662,0.0002549279173535979,0.00021595183269482735
thread_004,"Delta SkyMiles Reserve Amex is my life. Airport lounges, priority boarding, companion certs... totally worth the $550 fe",3,3,,,0.06531738133384023,0.04651960865207765,0.037113924846684666,0.49455805619557697,0.5570629835128784,0.5235058069229126,0.49590927362442017,0.5919471383094788,0.56939697265625,0.5367370247840881,0.56939697265625,0.6297003626823425,1,2,0.3333333333333333,0.33160290494561195,0.6365141682948128,0.1910189384688593,1.0,1.0,neutral,0.6666666666666666,0.0,0.0,0.0,1.0,6.5,6.5,0.18309859154929578,1.0,1.0,0.0,0.0,0.0005266394873615354,0.0007337864371947944,0.0006825583870522677,1.4840857147646602e-06,1.7340288422929007e-06,1.6629995343464545e-06,3.8937174394959584e-05,5.896675793337636e-05,5.340542702469975e-05,2.055918351591875e-05,2.537481668696273e-05,2.404964507149998e-05,0.00012511875199076408,0.00015102926408872008,0.00014609716017730535,7.910076480281229e-05,8.42059962451458e-05,8.3770502533298e-05,0.00013197324129679246,0.0001758495501652154,0.00016525603568879889
thread_005,"So I finally got approved for the Discover it Secured Credit Card today! Credit score was 580 last year, now 640. Deposi",9,28,,,0.08315182886315903,0.05689531343763459,0.047176139169159775,0.5188477138678232,0.5222592072354423,0.5188599816626973,0.5174511075019836,0.590813398361206,0.32111459970474243,0.31169426441192627,0.5003369450569153,0.5426430702209473,0,8,0.0,0.10274724918417633,0.7356219397587946,0.22076134208224704,1.0,0.42857142857142855,neutral,0.75,0.0,0.0,0.125,0.875,6.437196594791867,3.25,0.24998821727347054,1.0,1.0,0.0,0.0,0.04644788586948481,0.4086560606956482,0.08422074541449553,2.898855149800915e-06,8.107255780487321e-06,7.24730416550301e-06,0.00027881081627533096,0.0021003156434744596,0.0005120039510075006,3.641448529378977e-05,6.109519017627463e-05,5.782863154308871e-05,0.037100544987576235,0.3321457803249359,0.06681396304629748,0.00024517217389075086,0.0012136207660660148,0.0005060771945863964,0.01401862119794512,0.12388160800552821,0.02543804204979099
thread_006,"Unpopular opinion: Capital One Quicksilver is dead if Wells Fargo Active Cash exists. Quicksilver: 1.5% flat, $200 bonus",8,21,,,0.06841720116560791,0.051090151637812616,0.04419236470976964,0.521264241210052,0.5231379898531097,0.519909221146788,0.5243100821971893,0.5679427981376648,0.21960081160068512,0.23245252668857574,0.33888572454452515,0.35637104511260986,0,6,0.0,0.028102110760907333,0.9556998911125343,0.286807093680539,0.7142857142857143,0.6666666666666666,neutral,0.5714285714285714,0.0,0.0,0.3333333333333333,0.6666666666666666,5.82141639885766,9.75,0.30110774476849966,1.0,1.0,0.0,0.0,0.0004900513304164633,0.0006360727129504085,0.0005856202566064893,1.432748703678044e-06,1.7198749446833972e-06,1.5628441474291321e-06,3.209977580809209e-05,4.489201455726288e-05,4.041122410853859e-05,2.2586083105125e-05,2.6055669877678156e-05,2.556874242145568e-05,0.00011863165036629653,0.00015512075333390385,0.00013749230274697765,7.90439826232614e-05,9.365368896396831e-05,9.039130454766565e-05,0.00012397426183715274,0.00015682555579132895,0.00014587815263666926
thread_009,Title: One Key+ Card $350 bonus vs Chase Sapphire Reserve - which is the better play for budget travelers? I saw the One,4,15,,,0.06942696616189162,0.0486833448725302,0.041181562519011006,0.5225967288017273,0.5331681450208028,0.5269195159276326,0.5356600880622864,0.5822479724884033,0.26697543263435364,0.23134788870811462,0.3458726406097412,0.43071019649505615,0,4,0.0,0.020243234932422638,0.45056120886630463,0.13521415251989277,0.8333333333333334,0.4,neutral,0.8333333333333334,0.16666666666666666,0.3333333333333333,0.3333333333333333,0.16666666666666666,5.261891294962297,4.25,0.16572885968385187,1.0,1.0,0.0,0.0,0.00043838589772349223,0.0005402978276833892,0.0005114579253131524,1.413988940157651e-06,1.4335973901324905e-06,1.4332841260511486e-06,3.0508876534440788e-05,3.451482916716486e-05,3.329947612655815e-05,2.1344261313060997e-05,2.706127634155564e-05,2.52501647992176e-05,0.0001103297654481139,0.00012528302613645792,0.00012200990822748282,7.12384771759389e-05,7.32897751731798e-05,7.277940021594986e-05,0.00011220354452253409,0.00013325197096492047,0.00012742539924488484
thread_010,PayPal Cashback Mastercard® - The Ultimate No Fee Backup? Seems like a solid card for everyday spend. 3% cash back when ,9,21,,,0.07529452858474303,0.05607355373702809,0.049302071897698384,0.5296593393598285,0.5178966153235662,0.5221783291725886,0.5179003477096558,0.5648136734962463,0.16973185539245605,0.14434827864170074,0.26871925592422485,0.30866310000419617,0,7,0.0,0.036800816655159,0.7356219397587946,0.22076134208224704,0.875,0.5714285714285714,neutral,0.75,0.2222222222222222,0.1111111111111111,0.3333333333333333,0.3333333333333333,9.856107606091623,5.5,0.4285264176561575,1.0,1.0,0.0,0.0,0.0004747529358913501,0.0007598815718665719,0.0005574945127591491,1.484183826505614e-06,1.8195770508100395e-06,1.7060061736628995e-06,3.070037948620868e-05,5.066640005679801e-05,3.878428688040004e-05,2.261924358511654e-05,3.166784517816268e-05,2.5357897538924592e-05,0.0001116912389989011,0.00015226617688313127,0.00013375128619372845,8.376401254079408e-05,0.00010370587551733479,0.00010315070248907432,0.00012083533238814602,0.00018321891337791385,0.0001385825588423965
thread_011,Application denied due to 'security service' block? Anyone else having opensky issues? Tried applying for the opensky Pl,5,15,,,0.07933620465633132,0.05245104497719809,0.042564941749019064,0.5243641376495362,0.5277965486049652,0.5255447924137115,0.5246499180793762,0.5905739068984985,0.19973494112491608,0.16646736860275269,0.27361342310905457,0.43740981817245483,1,4,0.2,0.24999464377760888,1.6094379124341005,0.4829949384917788,0.8,1.0,neutral,0.2,0.0,0.2,0.2,0.6,5.912698199637793,11.0,0.20530202082075671,1.0,1.0,0.0,0.0,0.0009394193883053958,0.0013252065982669592,0.0013052170164883138,2.5141882133539182e-06,4.202036052447511e-06,3.917821231880225e-06,8.589106073486619e-05,0.00014310108963400126,0.00014266420621424913,3.370250378793571e-05,4.697074837167747e-05,4.539878646028228e-05,0.00015237614134093745,0.0002405985869700089,0.00021191771083977075,0.00010898441105382517,0.00014610450307372957,0.00014111091441009193,0.0002204812822393857,0.0003033657757972226,0.00029779907012349817
thread_012,Title: Wells Fargo Active Cash - 2% flat rate or just hype? Body: Saw the promo for $200 bonus after $500 spend. I usual,10,36,,,0.06765466886110902,0.04791602150568697,0.04072793206933565,0.5085165990723504,0.5235777861542172,0.5137690272596147,0.5125318169593811,0.5803517699241638,0.30547791719436646,0.2967092990875244,0.46889036893844604,0.4681708812713623,0,8,0.0,0.029897757107391953,1.303092403761719,0.3910601524554097,1.0,0.625,neutral,0.5555555555555556,0.3,0.2,0.3,0.2,8.0,8.75,0.34782608695652173,1.0,1.0,0.0,0.0,0.0058772162621608,0.0548996701836586,0.005938141513615827,1.7415206343684986e-06,4.546222044155002e-06,1.8421292224957131e-06,0.00010559703114267904,0.0008003314142115414,0.00011283985149930204,2.6094009263033514e-05,6.361645500874147e-05,2.8831039526266966e-05,0.003299997699650703,0.03205334022641182,0.0033122483997431004,0.00011529306066222489,0.0004247250617481768,0.00011970668201684008,0.001570989930585635,0.014707704927180506,0.0015843879996812827
thread_014,"Has anyone used Grow Credit to build credit with subscriptions? Saw this app that reports Netflix, Spotify, etc. to cred",8,21,,,0.09522708420094585,0.07029233777734112,0.061280379203022005,0.5444166649665151,0.5388142370751926,0.540426145706858,0.537564605474472,0.6114901304244995,0.3752528727054596,0.320566862821579,0.5710909962654114,0.606208324432373,0,7,0.0,0.03063684143126011,0.5623351446188083,0.16875769266311968,0.75,0.14285714285714285,neutral,0.75,0.0,0.0,0.5,0.5,2.799416848895061,4.5,0.1884222879063983,1.0,1.0,0.0,0.0,0.005907277485675877,0.04067753627896309,0.013649929547682398,2.0014745132357348e-06,3.4275381040060893e-06,2.9096169555486993e-06,0.00013398147871157562,0.00046875147381797433,0.000302433232718613,3.0125062266961322e-05,5.9785099438158795e-05,4.1229941416531794e-05,0.002883289517740195,0.021711010485887527,0.006795745476847511,0.0001507992938059033,0.0004512510495260358,0.0002183919692470226,0.0015179123854522913,0.010561960320956132,0.0035010965815179874
thread_016,Delta SkyMiles Reserve American Express Card: Luxury or Trap? Paying the $550 fee for Medallion Qualification Dollars. I,6,15,,,0.070591572748468,0.05179916446970574,0.04524945821917038,0.494540798664093,0.5510370433330536,0.5182663381099701,0.5328426659107208,0.5943268537521362,0.18601298332214355,0.20644962787628174,0.2525668740272522,0.336629718542099,0,4,0.0,0.026311702094972134,1.0397207708399179,0.3120218965147642,0.75,1.0,neutral,0.5,0.0,0.6666666666666666,0.16666666666666666,0.16666666666666666,7.314369419163897,12.5,0.31801606170277813,1.0,1.0,0.0,0.0,0.0005097113413891444,0.0009530198876745999,0.0007050435960991308,1.4217019952411647e-06,1.6461056020489195e-06,1.5474457200070901e-06,2.9704136977670714e-05,3.883781027980149e-05,3.583597390388604e-05,2.375658853755643e-05,3.6084380553802475e-05,3.09337174257962e-05,0.00012334656275925227,0.00022036208247300237,0.0001689383680059109,8.063623075334665e-05,9.906851482810453e-05,9.77380586846266e-05,0.00012809609373536863,0.0002230656389391091,0.00017029490412786194
thread_018,Title: Wells Fargo Autograph® Card 20k points for $1k spend - Solid deal or trap? Body: Saw the offer for the Wells Farg,8,21,,,0.07000220177356327,0.05109061883546941,0.04303820474962521,0.5144294230710893,0.5309952114309583,0.5215029035295758,0.5105064511299133,0.6017255187034607,0.22154834866523743,0.18883773684501648,0.37178459763526917,0.5330695509910583,0,8,0.0,0.024318561889231205,0.7356219397587946,0.22076134208224704,1.25,0.42857142857142855,neutral,0.75,0.25,0.125,0.375,0.25,8.334999833366657,13.0,0.35978416546906433,1.0,1.0,0.0,0.0,0.0004540355148492381,0.0005314063164405525,0.0005174617865122855,1.4468930373823241e-06,1.6186081666091923e-06,1.5963044575073582e-06,3.1488091281062225e-05,3.754277713596821e-05,3.610160856624134e-05,2.1637694544551778e-05,2.866821341740433e-05,2.6781412816490044e-05,0.000112339608676848,0.00013626820873469114,0.00013328235800145192,7.736601219221484e-05,8.910029282560572e-05,8.898347587091849e-05,0.00011638563576354954,0.00013379790076821033,0.0001318107222952373
thread_023,Title: Is the 18-month intro APR on Discover it® Cash Back worth it? Body: Just saw Discover is offering 0% intro APR fo,3,3,,,0.056338664277879404,0.04163485175192039,0.03608353631612619,0.5171501934528351,0.5273816784222921,0.5212773084640503,0.5200989842414856,0.5266408920288086,0.4399805963039398,0.44462552666664124,0.4399805963039398,0.5813098549842834,0,3,0.0,0.05187585391104221,0.5623351446188083,0.16875769266311968,1.0,0.6666666666666666,neutral,0.75,0.0,0.0,0.3333333333333333,0.6666666666666666,5.656854249492381,6.0,0.20203050891044216,1.0,1.0,0.0,0.0,0.00042580411536619067,0.000481472525279969,0.0004698054399341345,1.3674980436917394e-06,1.4401157386600971e-06,1.4189123703545194e-06,2.975153984152712e-05,3.559081960702315e-05,3.395863823243417e-05,2.067567887327944e-05,2.3780705305398442e-05,2.3114727810025215e-05,0.00010805354880479474,0.00011285299842711538,0.00011182760063093156,7.298257939207058e-05,7.731631194474176e-05,7.680326380068436e-05,0.00010977249338692572,0.00012164803926377014,0.0001191915115593171
thread_024,Blocked from Chime.com – What Did I Do Wrong? Got this Cloudflare block message when trying to log in. IP: 103.206.89.19,6,15,,,0.07931761165023277,0.05449420551419778,0.04498076275599232,0.5199725011984507,0.5348832090695699,0.5264007210731506,0.5264694690704346,0.5811246037483215,0.33955612778663635,0.32457494735717773,0.40576276183128357,0.5200868248939514,1,5,0.16666666666666666,0.16043511095146337,1.242453324894,0.37286226613644224,0.8333333333333334,0.8,neutral,0.5,0.16666666666666666,0.0,0.3333333333333333,0.5,5.0039984012787215,3.0,0.2338317009943328,1.0,1.0,0.0,0.0,0.0004708805790869519,0.0006645844550803304,0.0005808724381495267,1.4510234980965226e-06,1.5740043863843312e-06,1.5675649365221034e-06,3.166187525494024e-05,4.128249202040024e-05,3.812744216702413e-05,2.2449765007574268e-05,3.2778949389467016e-05,2.8648779334616847e-05,0.00011360609520731184,0.00014254869893193245,0.00012750228052027524,7.819674404648443e-05,9.290358138969168e-05,8.656538557261229e-05,0.00011970768035022654,0.00016049929826067455,0.00014380455708836354
thread_026,Wyndham Earner Plus + $75 annual fee. $75/year for 10 free nights? Math says that's only 3 nights if hotels average $250,6,15,,,0.06099344667595178,0.041271438730982254,0.03438549703387543,0.5016214648882548,0.5339508255322775,0.5169051190217336,0.5312307476997375,0.5414150953292847,0.35865238308906555,0.32091689109802246,0.42136725783348083,0.4881804287433624,0,4,0.0,0.07703696610406041,-0.0,0.0,1.0,0.0,neutral,1.0,0.0,0.0,0.5,0.5,2.9154759474226504,2.5,0.08329931278350429,1.0,1.0,0.0,0.0,0.00043079338502138853,0.0005307522951625288,0.0004952116141794249,1.4932100308821343e-06,1.7468724990976625e-06,1.6097434922812681e-06,3.2227690705137015e-05,4.8390520532848313e-05,4.2687272070907056e-05,2.0202713130856864e-05,2.2053309294278733e-05,2.16493644984439e-05,0.00010241149478436758,0.00011348559200996533,0.00010908212425420061,7.521223475729737e-05,8.060863183345646e-05,8.056349906837568e-05,0.00011039012140498825,0.00012988573092798106,0.00012391846768385525
thread_028,Best Western Premium Visa - $50 annual fee but free breakfast + room upgrades? I stay 20+ nights/year at BW. Seems too g,6,15,,,0.053152811467146566,0.04088685481080879,0.036351843326694624,0.48252327740192413,0.5013373643159866,0.4894280880689621,0.4856409877538681,0.5457116961479187,0.39737412333488464,0.40809366106987,0.4543995261192322,0.5183303952217102,0,5,0.0,0.030787773430347443,1.0114042647073518,0.30352406691093914,0.6666666666666666,0.8,neutral,0.5,0.4,0.0,0.4,0.2,9.130169768410662,11.0,0.36230832414328024,1.0,1.0,0.0,0.0,0.0006554849533131346,0.0013591619208455086,0.0010048762196674943,1.6813607620254818e-06,2.2741753582522506e-06,2.0602325321306125e-06,3.949386245949427e-05,5.7559747801860794e-05,5.469647658173926e-05,4.12141401587481e-05,0.00011602971062529832,7.583143997180741e-05,0.00013355704989711134,0.00022164935944601893,0.00017368903354508802,9.149516336037777e-05,0.00012911528756376356,0.00011496615115902387,0.00016048775499181525,0.0003142983669401171,0.0002363024480208272
thread_029,Amex Gold Card - Worth the fee in 2024? Looking at the American Express® Gold Card page. The snippet is mostly just menu,5,6,,,0.056783203291492626,0.04100865532133925,0.03544804219259312,0.5404412567615509,0.5392186313867569,0.5379244863986969,0.5395612418651581,0.5698043704032898,0.3442043960094452,0.3245663046836853,0.3442043960094452,0.49892401695251465,0,4,0.0,0.02459651743993163,0.5004024235381879,0.15017158220936364,1.0,0.5,neutral,0.8,0.6,0.0,0.0,0.4,15.848895860595462,13.25,0.5816108572695582,1.0,1.0,0.0,0.0,0.0005095634260214865,0.0007809566450305283,0.0006720908568240702,1.413783411408076e-06,1.4624287132392055e-06,1.4536832395606325e-06,3.097225599049125e-05,3.809903500950895e-05,3.5823084908770396e-05,2.2721751520293765e-05,2.817095082718879e-05,2.6236880512442443e-05,0.0001279657502891496,0.00019949844863731414,0.0001690874545602128,7.496825855923817e-05,8.730762783670798e-05,8.325452654389665e-05,0.0001279342042986779,0.00018755100160205984,0.00016364020538806774
thread_030,"Venture X Business just earned me 150k miles after hitting the $30k spend 💰 That's $1,500 in value if redeemed via Capit",5,10,,,0.06541834903308394,0.04866976399242756,0.04252810795281423,0.5229086031516393,0.5313014288743337,0.5261577516794205,0.5307989418506622,0.5816920399665833,0.5486994981765747,0.6061291694641113,0.5486994981765747,0.7069242000579834,0,4,0.0,0.025093496777117252,0.9502705392332347,0.28517773633985943,0.6,0.5,neutral,0.6,0.2,0.0,0.4,0.4,6.378675411086537,5.25,0.2743516305843672,1.0,1.0,0.0,0.0,0.0004572345758788288,0.00049999711336568,0.0004928881186060608,1.4169186897561303e-06,1.518803969702276e-06,1.4868909829601762e-06,2.990445209434256e-05,3.223949170205742e-05,3.2055789779406035e-05,2.2555065879714675e-05,2.5345769245177507e-05,2.4765118723735213e-05,0.00011119302944280207,0.00012447246990632266,0.00012051060039084405,8.348097180714831e-05,9.484766633249819e-05,9.164843941107393e-05,0.00011763083563209875,0.0001251707964418832,0.00012423586440869864
thread_031,Title: Capital One Platinum Secured pre-approval vs actual approval odds? So I'm starting my credit journey from zero. N,8,28,,,0.05008426445161403,0.03698147749046325,0.03163667098170599,0.520344679909093,0.5414867039237704,0.5289379613740104,0.5304044187068939,0.5897815227508545,0.24740548431873322,0.2740301489830017,0.4315710663795471,0.47451189160346985,0,5,0.0,0.15425781048834325,-0.0,0.0,0.8,0.0,neutral,1.0,0.125,0.125,0.5,0.25,20.464603587658374,29.0,0.6395188621143242,1.0,1.0,0.0,0.0,0.0004931383482471574,0.0007946709520183504,0.0006310071388725191,1.4638033150049523e-06,1.8009855011769105e-06,1.5623433341716007e-06,3.101577749475837e-05,4.355124838184565e-05,3.912490392394829e-05,2.2371278191712918e-05,2.959372977784369e-05,2.6786064881889612e-05,0.00011428950892877765,0.0001405617076670751,0.0001368199082207866,8.092674215731677e-05,9.87285457085818e-05,9.153443752438762e-05,0.00012386757638912135,0.0001848178615091456,0.00015331699746070626
thread_033,Title: Best Western Premium Visa - Annual fee worth it for occasional travelers? Body: Thinking about getting this for t,8,28,,,0.09208810536126062,0.06418971021921302,0.05424960220718421,0.534685173204967,0.5411587158838908,0.5368810026418596,0.5291748642921448,0.6454750895500183,0.3299216330051422,0.3696766793727875,0.47408223152160645,0.5265318155288696,0,7,0.0,0.03665594623557159,0.9002560512685369,0.2701683070530393,0.875,0.8571428571428571,neutral,0.625,0.0,0.14285714285714285,0.5714285714285714,0.2857142857142857,5.31843156256751,3.5,0.22160131510697959,1.0,1.0,0.0,0.0,0.00044978094229009,0.0006696085329167545,0.000519466251716949,1.4364642169084618e-06,1.6003305063350126e-06,1.5456554024240176e-06,2.87174962068093e-05,4.150845416006632e-05,3.287390700279502e-05,2.2138633312351885e-05,2.797122397169005e-05,2.6026762316178062e-05,0.00010919584292423679,0.00015984561468940228,0.00012406741734594107,8.80159250300494e-05,0.00010938648483715951,9.992924169637263e-05,0.00011654755066340765,0.00016721116116968915,0.00013205511327025
thread_034,"Current Build Card site is stuck on 'security verification' (Cloudflare error). Tried clearing cache, different browsers",6,15,,,0.04952176643237048,0.04064446877548705,0.03745284650475085,0.4867451034841083,0.5152467645349956,0.49839249962852117,0.5046154260635376,0.5442826151847839,0.25938794016838074,0.20724844932556152,0.3419261574745178,0.4768853485584259,0,6,0.0,0.04003730230033398,1.4750763110546947,0.44267280310989576,1.1428571428571428,0.8333333333333334,neutral,0.42857142857142855,0.5,0.0,0.0,0.5,10.765170174636763,6.25,0.5208953310308111,1.0,1.0,0.0,0.0,0.0005253477526518205,0.0008128920453600585,0.0006754836940672249,1.4432015973397938e-06,1.5141542917262996e-06,1.4988755765443784e-06,3.2122844459081534e-05,3.954016210627742e-05,3.737965744221583e-05,2.505197153368499e-05,3.3920885471161455e-05,3.0910967325326055e-05,0.00012079320489040886,0.00015771137259434909,0.00014357012696564198,8.652140604681335e-05,0.00012652765144594014,0.00010859152826014906,0.00013188006352985818,0.00019417716352639522,0.0001633583576771495
thread_035,"Title: [Discussion] Ranking these 4 cards based on the latest product pages Scraped the main pages for Chase Slate®, Cit",10,45,,,0.06941244007506565,0.052904397714209676,0.04689327412640115,0.4927044627921922,0.5425278065460069,0.514956248658044,0.5172467827796936,0.5864314436912537,0.22820793092250824,0.2183728665113449,0.45861607789993286,0.4374726712703705,0,8,0.0,0.025409850059077144,1.4184836619456564,0.4256892569511209,0.8,0.7777777777777778,neutral,0.4,0.1,0.1,0.3,0.5,8.455767262643882,10.5,0.40265558393542294,1.0,1.0,0.0,0.0,0.0010634729347657411,0.0057031079195439816,0.0015208149445243163,1.8626452970238462e-06,4.510103281063493e-06,3.118267591162293e-06,4.5216317266749685e-05,0.00014418696810025722,8.194282418116924e-05,3.573193189367885e-05,0.00015003628504928201,6.0425842821132355e-05,0.00020568969266605565,0.0009990960825234652,0.0003397449589101595,0.00011089706313214265,0.00031620380468666553,0.0001823015394620597,0.00024381176417023198,0.0012192657798474709,0.0003445485991202679
thread_036,**Title: Chase Slate 0% APR still available?** Looking to consolidate debt. Seeing Slate mentioned on forums but not sur,11,55,,,0.09447621222129034,0.07684678688408308,0.07104518926113525,0.5087028656687055,0.5346991533324832,0.5206452650683266,0.5173588395118713,0.6118958592414856,0.25432074069976807,0.23541982471942902,0.4991548955440521,0.4428182542324066,0,7,0.0,0.05926643844161715,0.410116318288409,0.12307657499294529,1.0,0.16666666666666666,neutral,0.8571428571428571,0.0,0.0,0.5714285714285714,0.42857142857142855,0.989743318610787,1.0,0.09758032718697901,1.0,1.0,0.0,0.0,0.0008067962427792901,0.002709439257159829,0.0013059823540970683,1.5678040612825002e-06,2.744305902524502e-06,1.968433934962377e-06,4.512615140067117e-05,0.0001650564809096977,8.310863631777465e-05,3.3696565052113414e-05,0.00012135971337556839,5.3573265176964924e-05,0.00017325313290877438,0.0005223268526606262,0.0002638635050971061,0.00010328758402134885,0.00019307652837596834,0.00011511730554047972,0.00019395458003724673,0.0006077027816976018,0.0002974536861681069
thread_037,"First credit card - Quicksilver Student vs Discover Student, which one should I pick? [Advice Needed] Hey r/personalfina",9,36,,,0.0666574238159798,0.04399474894408938,0.036265682595726524,0.5059827011492517,0.5240634323822128,0.5123802059226565,0.5097068548202515,0.6349430680274963,0.32049134373664856,0.3362601399421692,0.5249069929122925,0.523443877696991,0,7,0.0,0.034992851583021026,0.9649629230074277,0.2895869446370478,0.7777777777777778,0.875,neutral,0.4444444444444444,0.3333333333333333,0.0,0.3333333333333333,0.3333333333333333,12.472009477552657,14.5,0.47707140078070276,1.0,1.0,0.0,0.0,0.0004896038574063116,0.0010404265485703945,0.0006126984953880311,1.4271705216136372e-06,1.981741434065043e-06,1.5949040516716198e-06,3.349262098911115e-05,7.346127677010372e-05,4.4216481910552836e-05,2.0112606661213147e-05,3.430062861298211e-05,2.3133468494052072e-05,0.00011872194590978324,0.00019594859622884542,0.00014856298512313517,7.64303153523037e-05,0.00010221111733699217,8.27558062155731e-05,0.0001232980861400561,0.00024138831815889716,0.00015047162879303265
thread_038,Thinking about the Marriott Bonvoy Boundless card – anyone actually redeemed those 75k bonus points yet? The annual fee ,3,3,,,0.0589286659217153,0.04994434698254979,0.044602983258074914,0.48647377888361615,0.4926203191280365,0.48889756699403125,0.4784756302833557,0.6083312034606934,0.3590432405471802,0.3310893774032593,0.3590432405471802,0.4583745300769806,1,3,0.25,0.1836969805881381,1.0986122886681096,0.32969533691986563,1.0,1.0,annoyance,0.3333333333333333,0.0,0.0,0.0,1.0,2.160246899469287,2.5,0.10286889997472795,1.0,1.0,0.0,0.0,0.0004717305807086329,0.0005511686904355884,0.0005358715483453125,1.3907057715793296e-06,1.4096669929131167e-06,1.4082466577747254e-06,3.059557335897504e-05,3.2654836104484275e-05,3.261482488596812e-05,2.050815055554267e-05,2.2287209503701888e-05,2.2100443675299176e-05,0.00011880218517035246,0.0001314786059083417,0.00012876523978775368,7.592593465233222e-05,7.893898873589933e-05,7.807559450156987e-05,0.00011982552170290243,0.0001361661778105372,0.0001330317158969289
thread_039,Best Western Rewards® Premium Visa Signature® Card - Worth the travel? Seen this pop up lately. I stay at Best Westerns ,7,28,,,0.0798446101122337,0.055778365339931385,0.04731713415341614,0.5392256238394313,0.5155888522664706,0.5262970121370422,0.529879242181778,0.5901690721511841,0.2902236580848694,0.23725539445877075,0.48400169610977173,0.5292395949363708,0,5,0.0,0.09128764234483241,1.0549201679861442,0.3165832603505712,1.0,0.5,approval,0.4,0.0,0.0,0.2857142857142857,0.7142857142857143,6.43117407632541,1.0,0.2896925259606041,1.0,1.0,0.0,0.0,0.0006783180745385055,0.0018611035775393248,0.001095672650262714,1.6345633022345801e-06,2.4424130060651805e-06,1.9375527926968063e-06,4.70990759952526e-05,0.00012511826935224235,7.598638621857393e-05,2.7755030844543527e-05,5.8145920775132254e-05,4.03499845560873e-05,0.00014345881728721515,0.0003349724574945867,0.00020667703065555551,8.033622309864898e-05,9.946731734089553e-05,9.144408541033046e-05,0.00016310029751106673,0.0004135416592513745,0.00025056526815584834
thread_041,Best Western Rewards Premium Card - anyone notice the points devalued last month? My 50k points now get me 2 nights inst,4,3,,,0.07507145746106327,0.056954248632687075,0.05043000385356664,0.5567117681105932,0.5384326775868734,0.543354312578837,0.551925003528595,0.6128462553024292,0.33410367369651794,0.352431058883667,0.33410367369651794,0.4067911207675934,0,3,0.0,0.03659210788706938,0.5623351446188083,0.16875769266311968,0.75,0.6666666666666666,neutral,0.75,0.3333333333333333,0.0,0.3333333333333333,0.3333333333333333,2.160246899469287,2.5,0.12707334702760512,1.0,1.0,0.0,0.0,0.0005106797543703578,0.0006455336115323007,0.000596424171817489,1.3953053610293864e-06,1.6043603636717307e-06,1.577551199716254e-06,3.343571142977453e-05,4.48837126896251e-05,4.349464579718188e-05,2.1201963591011008e-05,2.376744305365719e-05,2.3152249013946857e-05,0.00012547597725642845,0.00014443245891015977,0.0001376370884827338,8.016220454010181e-05,9.600733028491959e-05,9.203730296576395e-05,0.00012872515275811716,0.00015716591540619143,0.00014711591983693022
thread_042,"Southwest Priority Card - Companion Pass holder here, is the $149 fee still worth it? I've been holding the Priority car",7,21,,,0.0662865574041382,0.04685153364152358,0.03869965473038407,0.4877027784075056,0.5092535998140063,0.49719817013967604,0.497090607881546,0.5354520678520203,0.2918807864189148,0.3110505938529968,0.45358243584632874,0.5153049230575562,0,5,0.0,0.09422435015439987,0.5004024235381879,0.15017158220936364,0.6,0.5,neutral,0.8,0.0,0.2857142857142857,0.5714285714285714,0.14285714285714285,10.276186062932103,5.0,0.3314898729978098,1.0,1.0,0.0,0.0,0.0005288450712604183,0.0007077145273797214,0.0006948094698600471,1.5575486551305012e-06,2.019243993345299e-06,1.8817340560417507e-06,3.596840256899928e-05,5.2077961299801245e-05,5.0038255722029135e-05,2.561959133475154e-05,4.7213208745233715e-05,3.520977006701288e-05,0.00011808206389624891,0.00013010884867981076,0.00012786543229594826,8.593211116801416e-05,9.767059236764908e-05,9.756211220519618e-05,0.0001326674648139271,0.00017280073041092692,0.00016789446236771256
thread_044,Wells Fargo Active Cash is looking underrated. $0 annual fee + 2% everything? Seems too good compared to Amex's category,5,10,,,0.06967821063899551,0.04723432744927626,0.039473602787385056,0.5150284558534622,0.5333129733800888,0.5223284840583802,0.5347440540790558,0.5773295760154724,0.3956046402454376,0.45587968826293945,0.39560458064079285,0.48576706647872925,0,5,0.0,0.03863452449440956,0.9502705392332347,0.28517773633985943,1.0,1.0,neutral,0.6,0.4,0.0,0.0,0.6,6.603029607687671,10.0,0.2358224859888454,1.0,1.0,0.0,0.0,0.0004974364012014121,0.000654535018838942,0.0005976353073492646,1.4690592024635408e-06,1.5720153214715538e-06,1.5648886574126663e-06,3.459306026343256e-05,4.368760346551426e-05,4.279273198335432e-05,2.1633842698065565e-05,2.6649973733583465e-05,2.5338387058582156e-05,0.00012327267322689294,0.00015178200555965304,0.0001460750645492226,8.650008530821651e-05,9.37374061322771e-05,9.28022331208922e-05,0.00012748418698341386,0.00016092996780040872,0.00015025644335082687
thread_045,First credit card as a college student - Quicksilver Student worth it? 🤔 I'm a junior trying to build credit without get,5,10,,,0.05013379470397489,0.03332162165037367,0.02793555482099594,0.4461046556631724,0.4900740285714467,0.4665016283591588,0.48021718859672546,0.5226668119430542,0.2903802692890167,0.27891016006469727,0.2903802692890167,0.4746641516685486,1,2,0.3333333333333333,0.3320519948999087,-0.0,0.0,1.0,0.0,neutral,1.0,0.0,0.2,0.4,0.4,22.992752481307377,26.5,0.6967500751911326,1.0,1.0,0.0,0.0,0.00048085100715979936,0.0005971264326944947,0.000570831191726029,1.5060052191984141e-06,1.776875706127612e-06,1.6899083675525618e-06,3.4401799712213685e-05,4.229465776006691e-05,4.040720159537159e-05,2.1584453133982606e-05,2.5681216357043013e-05,2.435981878079474e-05,0.00011282438354101031,0.0001321479066973552,0.00012859445123467595,7.738050044281408e-05,8.399612124776468e-05,8.216804853873328e-05,0.00012142469153483639,0.0001457955420202476,0.00014067849788640765
thread_046,"Got approved for Venture X Business with my LLC's 3-year profit history. That 150k bonus ($1,500 value!) requires $30k s",5,21,,,0.0676068718238442,0.04573390833711415,0.038134726410013045,0.5139463782310486,0.5050613045692444,0.5088988959789276,0.4958236515522003,0.5763664841651917,0.28367486596107483,0.2754363715648651,0.3797987997531891,0.4199352264404297,0,5,0.0,0.11432186216115951,0.796311640173813,0.23897442000999625,0.7142857142857143,0.6666666666666666,neutral,0.7142857142857143,0.14285714285714285,0.0,0.5714285714285714,0.2857142857142857,8.260750571225353,7.0,0.2790794111900457,1.0,1.0,0.0,0.0,0.0004883393528871238,0.0005546765169128776,0.0005344868404790759,1.4039286952538533e-06,1.5207142496365122e-06,1.4884737538523042e-06,3.262846039433498e-05,3.699615626828745e-05,3.656874760054052e-05,2.1377255689003504e-05,2.394258808635641e-05,2.308490547875408e-05,0.00011988135811407119,0.000136961491080001,0.0001326276978943497,7.610151078552008e-05,8.567127952119336e-05,8.264399220934138e-05,0.00012328864442755124,0.00013799611557866834,0.0001337489735078634
thread_047,Title: Citi Strata Premier vs IHG Premier - Can't decide. I have $5k to spend in the next 3 months for a bonus. Option A,8,45,,,0.08240843407060418,0.058455789300225096,0.04899195787210008,0.5022415551874373,0.5282125757800208,0.5133790254592896,0.5172584056854248,0.6112681031227112,0.2435353398323059,0.2448223978281021,0.42777734994888306,0.4242055118083954,0,8,0.0,0.02633095462806523,0.37677016125643675,0.11306933896341992,1.0,0.2857142857142857,neutral,0.875,0.0,0.1,0.3,0.6,10.294871295941489,8.5,0.3903268737797721,1.0,1.0,0.0,0.0,0.00044416781383915804,0.0004945586551912129,0.00047796241706237196,1.4413194122653294e-06,1.5075494275151868e-06,1.5005821296654176e-06,3.1011571763883694e-05,3.756340447580442e-05,3.449152500252239e-05,2.120871772604005e-05,2.508338184270542e-05,2.352149112994084e-05,0.00010947574264719151,0.0001244040031451732,0.00011525398003868759,7.777005430398276e-05,0.00011038705270038918,9.023626553243956e-05,0.0001141792032820869,0.00012393155005459752,0.00012209739626882764
thread_048,Title: Wells Fargo Autograph - Got The 20k Bonus And It's Already $200! So I applied for the Wells Fargo Autograph about,8,28,,,0.06391625580460143,0.04257048214593385,0.03425389056824494,0.5508939368384225,0.5414988143103463,0.5453264500413623,0.5444605946540833,0.6367291808128357,0.46246060729026794,0.4598388969898224,0.6176472902297974,0.6579973697662354,0,7,0.0,0.020394583099654744,0.796311640173813,0.23897442000999625,0.7142857142857143,0.5,approval,0.7142857142857143,0.3333333333333333,0.08333333333333333,0.0,0.5833333333333334,16.23676855353997,21.5,0.41329956318101746,1.0,1.0,0.0,0.0,0.00048133784730453044,0.0007133254548534751,0.0006492587504908443,1.4254598852403433e-06,1.830791802603926e-06,1.5745137375233754e-06,3.1045990908751264e-05,4.754869223688729e-05,3.947249279008247e-05,2.1089413166919257e-05,2.9890066798543558e-05,2.4342348842765203e-05,0.00011726037155312952,0.00017714702698867768,0.00014245034399209544,7.435482166329166e-05,8.537686517229304e-05,8.32048877782654e-05,0.00012108565074697708,0.00017384362020796593,0.00015548906538735233
thread_049,Student here with 620 credit. BofA said I pre-qualified but Capital One/Savor require 'excellent' credit. Should I go wi,3,3,,,0.08026798405398106,0.05439640855918324,0.04271434687076484,0.4963072141011556,0.5192166864871979,0.5070490340391794,0.49737074971199036,0.5546978712081909,0.24390627443790436,0.17164528369903564,0.24390630424022675,0.3510964810848236,0,3,0.0,0.1872491929680109,-0.0,0.0,1.0,0.0,neutral,1.0,0.0,0.0,0.3333333333333333,0.6666666666666666,6.649979114420001,7.5,0.2977602588546269,1.0,1.0,0.0,0.0,0.0004823715814078848,0.0005323640070855618,0.0005257038865238428,1.4177956397058249e-06,1.5031121165520744e-06,1.4830653526587413e-06,3.09973765979521e-05,3.4145996323786676e-05,3.373283107066527e-05,2.2900949867713887e-05,2.713409594434779e-05,2.6170214187004604e-05,0.00011517590610310435,0.00013006605149712414,0.00012618539476534353,7.87980073558477e-05,8.164528117049485e-05,8.101643470581621e-05,0.00012194360282870145,0.00013189323061624236,0.0001305482653378931
thread_050,Title: Wells Fargo Autograph Journey - 60k Bonus / $95 Fee - Worth it? Body: Wells Fargo Autograph Journey℠ Card offers ,4,10,,,0.11077673430777325,0.08799913141611314,0.07983558497526048,0.5287014096975327,0.5183347016572952,0.5224604964256286,0.5226190388202667,0.5691171288490295,0.21836014091968536,0.1974550187587738,0.21836014091968536,0.37640485167503357,0,4,0.0,0.034041971899569035,0.5623351446188083,0.16875769266311968,1.0,0.6666666666666666,neutral,0.75,0.25,0.0,0.5,0.25,2.5860201081971503,3.25,0.2111036823018082,1.0,1.0,0.0,0.0,0.0004603098350344226,0.0005122239817865193,0.000498976357630454,1.384180364993881e-06,1.4200215900928015e-06,1.4080938171900924e-06,2.6512703698244877e-05,3.059128357563168e-05,2.9069332413200755e-05,2.3269758912647376e-05,2.6863495804718696e-05,2.5670934337540534e-05,0.00011103604265372269,0.00012043456808896735,0.00011737537643057294,8.779475683695637e-05,0.00010176560317631811,9.792403725441546e-05,0.00011838454625016462,0.00013136144466822466,0.0001275266469614659
thread_051,Title: Wells Fargo Autograph Journey – Legit $600 bonus or snake oil? 🐍 Just hit the $4k spend threshold and my 60k poin,8,15,,,0.0648692018795101,0.04486878504575046,0.03746521487290884,0.5200134441256523,0.5448191474590983,0.5306661991136414,0.5340593457221985,0.6209865808486938,0.33523866534233093,0.24761606752872467,0.4076857566833496,0.572857141494751,0,6,0.0,0.051354242178301014,0.37677016125643675,0.11306933896341992,1.0,0.2857142857142857,neutral,0.875,0.16666666666666666,0.0,0.3333333333333333,0.5,7.559026980299044,6.5,0.3043903481999615,1.0,1.0,0.0,0.0,0.0006070310191716999,0.001123070134781301,0.0009180096036288886,1.6817773769162159e-06,2.953703869934543e-06,1.9705323552443586e-06,4.760730053021689e-05,0.0001274910755455494,7.450106168107595e-05,2.6363435381426825e-05,4.851805351790972e-05,3.244351264584111e-05,0.00013899855366616976,0.00021380088583100587,0.00021108771325089036,8.208193230530014e-05,9.748366574058309e-05,9.666706755524502e-05,0.00015062733640528828,0.00026824025974292454,0.00022027650476275085
thread_052,Capital One Venture X Business approval nightmare. My fintech startup did $32k in Q1 but they kept flagging my applicati,4,10,,,0.059930153928608315,0.04053703161132475,0.033695899784094596,0.49977225065231323,0.5090730706850688,0.5032121300697326,0.4972867965698242,0.5843629240989685,0.34079962968826294,0.34269148111343384,0.34079962968826294,0.47536736726760864,0,4,0.0,0.03449686663225293,-0.0,0.0,0.75,0.0,neutral,1.0,0.0,0.0,0.5,0.5,12.175795661885921,11.5,0.3162544327762577,1.0,1.0,0.0,0.0,0.0004400877369334921,0.0005142804002389312,0.0004873841040534899,1.3934835294548975e-06,1.4944316717446782e-06,1.466180913212156e-06,3.012030856552883e-05,3.9728467527311295e-05,3.6338614154374224e-05,2.0788078018085798e-05,2.2519036065205e-05,2.2094388987170534e-05,0.00011178072963957675,0.0001280495780520141,0.00012168709363322706,7.649855979252607e-05,8.225749479606748e-05,8.107040557661093e-05,0.00011344481607977741,0.00012981142890566844,0.00012392906976401718
thread_053,"PayPal Cashback Mastercard's 3% through PayPal sounds amazing, but isn't that just a niche hack? I'd max it for PayPal p",4,6,,,0.07467076930396381,0.055005629532809,0.044941823169937334,0.5188163618246714,0.5207049399614334,0.5180161247650782,0.5179079174995422,0.5569941401481628,0.5952515602111816,0.6026414632797241,0.5952515602111816,0.7004404664039612,0,4,0.0,0.02324473951011896,-0.0,0.0,1.0,0.0,neutral,1.0,0.0,0.0,0.5,0.5,3.6742346141747673,6.0,0.18371173070873836,1.0,1.0,0.0,0.0,0.001311785090365447,0.003757696133106947,0.0027879499946720904,1.7220489212377288e-06,2.3412487735186005e-06,2.136729926860426e-06,7.527936850237893e-05,0.00017739905160851777,0.00013925434723205401,2.4234612283180468e-05,3.732754703378305e-05,3.267029424023349e-05,0.0003820816145889694,0.001159135950729251,0.0008495375615893865,9.883948405331466e-05,0.00018189374532084912,0.0001503355240856763,0.0003156570364524214,0.0008859656127621444,0.0006599678324770746
thread_054,Title: DCU Visa Platinum Secured - Membership issues? Body: I was looking at the DCU Visa Platinum Secured Credit Card c,7,21,,,0.06355287870413319,0.04226294565171387,0.03494454252916164,0.5038590550422668,0.5091448783874511,0.5060156762599946,0.4963173419237137,0.559493899345398,0.3980706036090851,0.4016067087650299,0.48259109258651733,0.5108101963996887,1,6,0.14285714285714285,0.15659651240067823,0.796311640173813,0.23897442000999625,0.5714285714285714,0.6666666666666666,neutral,0.7142857142857143,0.0,0.4,0.2,0.4,9.724196624914574,11.0,0.311672968747262,1.0,1.0,0.0,0.0,0.0004061305579463286,0.00043946976074948907,0.0004292777681257576,1.4064079160951742e-06,1.510769038759463e-06,1.5007340152806137e-06,2.820377786909895e-05,3.418845517444424e-05,3.242214806959964e-05,1.9445151078148877e-05,2.0621928342734464e-05,2.0271357425372116e-05,0.00010387044728434245,0.00011557906691450626,0.00011331194982631133,8.027898833721078e-05,8.654576959088445e-05,8.651646348880603e-05,0.00010655588840520414,0.00011358846601676002,0.00011220628944480874
thread_055,Switched from my old Chase card to Discover it Chrome for the 2% at gas/restaurants. Anyone else find themselves spendin,3,10,,,0.06641561532340153,0.04737708745113344,0.0403874622211176,0.5510241448879242,0.5527049243450165,0.5504260957241058,0.5495730042457581,0.5980727076530457,0.4269917905330658,0.41286835074424744,0.4269917905330658,0.5843176245689392,0,3,0.0,0.12641360610723495,0.9502705392332347,0.28517773633985943,1.2,0.75,neutral,0.6,0.8,0.0,0.0,0.2,1.699673171197595,2.0,0.059988464865797474,1.0,1.0,0.0,0.0,0.0004670400036654125,0.0005870445747859776,0.0005538509576581419,1.447456308293719e-06,1.4758201132281101e-06,1.4693403272758586e-06,2.985918096480115e-05,3.123951319139451e-05,3.098200177191757e-05,2.1617824434846018e-05,2.3112901544664055e-05,2.2932808133191432e-05,0.00011209503524393465,0.00013559820945374668,0.00012871707585873082,8.816707122605294e-05,0.00011393101158319041,0.00010756004485301673,0.00012003776197389016,0.0001487248896978599,0.00014080395676122255
thread_056,"Title: Discover it Cash Back - Still the king of rotating categories?\n\n5% cash back on quarterly categories (up to $1,",5,15,,,0.08385421420158475,0.062463895325282064,0.05331582276715711,0.5040009995301564,0.5250852187474568,0.5140557765960694,0.5143629908561707,0.5418591499328613,0.3324809968471527,0.30758368968963623,0.4038427770137787,0.5009610652923584,0,5,0.0,0.07756184563040733,0.9502705392332347,0.28517773633985943,1.0,1.0,admiration,0.6,0.2,0.4,0.2,0.2,1.469693845669907,2.0,0.08748177652797065,1.0,1.0,0.0,0.0,0.0004748965497128665,0.0005982355796732008,0.0005642138770781458,1.5151816796787898e-06,1.71319595665409e-06,1.6428308526883484e-06,3.41513423336437e-05,4.822399205295369e-05,4.4053327292203905e-05,2.1959817968308925e-05,2.5212841137545183e-05,2.453987908666022e-05,0.00011365720711182803,0.00013524490350391716,0.0001291860913624987,8.262719929916785e-05,9.611927816877142e-05,9.609985136194155e-05,0.0001214678830175823,0.0001490245359718756,0.00014136729672221311
thread_057,Title: Just got approved for Capital One Venture - $1000 travel credit offer legit? Body: I just got approved for the Ca,7,15,,,0.05568550424663443,0.039156436778363675,0.03341809320974214,0.5211112856864929,0.5197679559389751,0.5198680917421977,0.5118837952613831,0.5927369594573975,0.24045200645923615,0.21743184328079224,0.34185588359832764,0.4471098780632019,0,6,0.0,0.025660129263997078,0.796311640173813,0.23897442000999625,0.8571428571428571,0.6666666666666666,neutral,0.7142857142857143,0.0,0.2857142857142857,0.5714285714285714,0.14285714285714285,7.2571803523590805,9.75,0.2902872140943632,1.0,1.0,0.0,0.0,0.00042973623827232847,0.0005195254343561828,0.0004779045179020614,1.4450102493615953e-06,1.6387327832489973e-06,1.6087743688331102e-06,2.887094732224276e-05,3.707986979861744e-05,3.3031209750333804e-05,2.2976108604260454e-05,3.1768511689733714e-05,2.9440597427310425e-05,0.00010512910375837237,0.00011151316721225157,0.00011111122003057972,7.76117282969478e-05,8.508914470439777e-05,8.202096651075408e-05,0.00011096152275058557,0.00012990520338007627,0.0001212579162597649
thread_058,"Title: DCU Platinum Secured - My 6-Month Credit Rebuild Story After Chapter 7 bankruptcy discharge, I applied for DCU's ",7,21,,,0.05487814165655963,0.042738206237486934,0.03754970282751275,0.5342111905415853,0.5286250650882721,0.5295925736427307,0.5276750922203064,0.5607184171676636,0.3275521993637085,0.35769739747047424,0.4550049304962158,0.48813456296920776,3,4,0.42857142857142855,0.26878698862024714,0.45056120886630463,0.13521415251989277,0.6666666666666666,0.2,neutral,0.8333333333333334,0.14285714285714285,0.0,0.5714285714285714,0.2857142857142857,8.266397845091497,11.25,0.35940860196049984,1.0,1.0,0.0,0.0,0.00045446218739795895,0.0005028466694056988,0.0004935595381539315,1.4658998322504755e-06,1.6055479363785707e-06,1.5581900470351686e-06,3.094532569645837e-05,3.5343909985385835e-05,3.371322600287385e-05,2.1934629330644384e-05,2.5774452296900563e-05,2.461676522216294e-05,0.0001083565823916745,0.00011744115909095854,0.0001138510022428818,7.622522285341152e-05,8.255366992671043e-05,8.213159744627774e-05,0.00011556497458373303,0.00012529163971445692,0.000124381874733596
thread_059,Title: Venture X vs AAdvantage Executive - Which Travel Card Wins?\nBody: Torn between these two. Venture X has $300 tra,4,6,,,0.04889089065130849,0.037502753923792286,0.03188248930536127,0.4809795081615448,0.525965741276741,0.5002149283885956,0.49933478236198425,0.5423717498779297,0.30848512053489685,0.2622412145137787,0.30848512053489685,0.49962207674980164,0,4,0.0,0.13014578493312,0.5004024235381879,0.15017158220936364,0.8,0.5,neutral,0.8,0.25,0.0,0.0,0.75,8.870597499605086,6.25,0.35131079206356775,1.0,1.0,0.0,0.0,0.017927899985807016,0.07032326608896255,0.04936920614563861,2.2864722666326998e-06,5.006148057873361e-06,3.935402833121771e-06,0.00018314704720978625,0.000640281883534044,0.0004587310209899443,2.7805834179162048e-05,4.979063669452444e-05,4.110293921257836e-05,0.012305178885071655,0.04887542128562927,0.034248920206300694,0.00030571260504075326,0.0009803229477256536,0.0007137535540095998,0.0051253384715958345,0.020145681498433987,0.014138538391006253
thread_060,One Key+ Card promo - $350 for $3k spend? One Key is trying to break into the credit card space. $99 annual fee but $350,8,28,,,0.08375500208576107,0.06448580720852583,0.057387964092276075,0.4980460564295451,0.5150154292583465,0.505128167072932,0.5114094614982605,0.5445217490196228,0.2918786406517029,0.2659638524055481,0.43383878469467163,0.454597532749176,0,6,0.0,0.03124458994716406,0.45056120886630463,0.13521415251989277,1.0,0.2,neutral,0.8333333333333334,0.125,0.0,0.125,0.75,3.696845502136472,1.75,0.19457081590191957,1.0,1.0,0.0,0.0,0.0008812013038550504,0.0033787970896810293,0.0015914944640826431,1.8334570768274716e-06,4.294506652513519e-06,2.479544184552651e-06,4.0421035009785555e-05,9.655222675064579e-05,5.898261115362401e-05,0.00010725914421527705,0.0006838939734734595,0.00023491944739362214,0.00014082587131269975,0.00026689257356338203,0.00018326833960600195,0.00010581978858681396,0.0002474918437656015,0.0001643861556658521,0.00021289343334274236,0.0007796537023144386,0.0003719128073593461
thread_061,Just activated my Chase Freedom Flex and I'm confused about the rotating 5% categories. Do I need to manually register e,5,10,,,0.08605833289069251,0.052938032603696374,0.0408792921401009,0.5461502552032471,0.5676336616277695,0.553822910785675,0.5527184903621674,0.5960549712181091,0.28946828842163086,0.3322080969810486,0.28946828842163086,0.43144118785858154,3,2,0.6,0.4658556144684553,1.3321790402101223,0.399789099421175,0.8,1.0,neutral,0.4,0.4,0.0,0.0,0.6,9.024411338142782,16.0,0.36684598935539764,1.0,1.0,0.0,0.0,0.00044408789835870266,0.0005382784875109792,0.0005083292140625416,1.4964078445700579e-06,1.5707834108980023e-06,1.5474315887331612e-06,3.0148982477840037e-05,3.254161492804997e-05,3.234606483601965e-05,2.422196812403854e-05,2.8706786906695925e-05,2.8263534841244108e-05,0.00010444665094837547,0.00012057821732014418,0.00011355255846865476,7.75658423663117e-05,8.854390762280673e-05,8.692466944921761e-05,0.00011366129168663975,0.00013293653442284872,0.0001274743404072372
thread_063,Title: JetBlue Plus 70k Bonus - Churn bait or Steal? Body: Earn 70k points after $1k spend and paying the annual fee. $9,7,21,,,0.06827698240957701,0.050364175688138516,0.04380335917121693,0.5159812683150882,0.5162265045302254,0.5151916628792172,0.5093404054641724,0.5968901515007019,0.34547096490859985,0.31901687383651733,0.4648485779762268,0.5119709968566895,0,5,0.0,0.03614626750349999,1.1537419427010902,0.34623983587382745,1.1428571428571428,0.8333333333333334,neutral,0.5714285714285714,0.2,0.0,0.2,0.6,8.309031231136395,8.0,0.2925715222231125,1.0,1.0,0.0,0.0,0.0004830273059529385,0.0007328451029025018,0.0006590174743905663,1.410735909043329e-06,1.5332391285483027e-06,1.5301807025025483e-06,3.034609497782575e-05,3.548754830262624e-05,3.4648572182049975e-05,2.1338083700227018e-05,3.116539301117882e-05,2.5585285038687294e-05,0.00011563080313083316,0.00014347422984428704,0.00014293220883700996,8.435858970707548e-05,0.0001352180988760665,0.0001147775270510465,0.0001226852688963239,0.00017926503666861512,0.00016249830864201918
thread_064,"Hey r/personalfinance, trying to apply for the Opensky® Plus Secured Visa® and keep getting blocked by their security se",6,15,,,0.05784127579806685,0.04424133449164525,0.03921872658146494,0.5491673707962036,0.5250782410303751,0.5361143589019776,0.5403971076011658,0.5762567520141602,0.3651597797870636,0.3222837746143341,0.47402533888816833,0.6468279957771301,0,4,0.0,0.036785359028726816,0.45056120886630463,0.13521415251989277,0.6666666666666666,0.4,neutral,0.8333333333333334,0.0,0.0,0.6666666666666666,0.3333333333333333,7.54983443527075,12.0,0.3431742925123068,1.0,1.0,0.0,0.0,0.0011743200060057764,0.0048642149195075035,0.002662118073203601,1.617534943913294e-06,2.0523650618997635e-06,1.9449500427981548e-06,4.0264926610689145e-05,9.115340799326077e-05,6.178796138556208e-05,3.3523035805653e-05,9.135930304182693e-05,6.0167995798110496e-05,0.00026786618642897036,0.0010927218245342374,0.0006050397932995111,0.00010710799688240513,0.00024127513461280614,0.00016646267613396049,0.00027078328111290127,0.0010637961591252558,0.0005909905212604372
thread_065,OpenSky Plus Secured Visa blocked my application due to 'security concerns'? First time applying for secured card after ,4,6,,,0.04606079568031555,0.04152508823110782,0.04007926497559408,0.4862790604432424,0.5093766252199808,0.49738481640815735,0.4871196746826172,0.5181721448898315,0.24746577441692352,0.22220471501350403,0.24746577441692352,0.4126448631286621,1,3,0.25,0.26714196894317865,1.0397207708399179,0.3120218965147642,1.0,0.6666666666666666,neutral,0.5,0.25,0.0,0.25,0.5,1.699673171197595,2.0,0.08359048382938992,1.0,1.0,0.0,0.0,0.000831424433272332,0.0016928166151046753,0.0013893075869418682,1.6727375680147816e-06,2.5368753995280713e-06,2.223450167093688e-06,4.63478113488236e-05,0.00010005656804423779,7.876917352405144e-05,3.152130102535011e-05,5.6089513236656785e-05,4.677458910009592e-05,0.00015272621021722443,0.00023033228353597224,0.00020787472894880923,9.968554331862833e-05,0.00011746670497814193,0.00011636840717983433,0.00019389633945839554,0.00036654976004986867,0.00030683151371893775
thread_066,"Title: Honest breakdown of all 4 cards (including Prime Visa) for 2024 Body: After testing these for 6 months, here's my",4,6,,,0.062770969069,0.04370380147474578,0.036920361510061325,0.5326019048690795,0.5662217795848846,0.5473609924316406,0.5442322790622711,0.5932223796844482,0.34681811928749084,0.27106863260269165,0.34681811928749084,0.5175656080245972,0,5,0.0,0.0356465969234705,-0.0,0.0,0.75,0.0,neutral,1.0,0.2,0.0,0.0,0.8,3.570714214271425,2.5,0.19301157914980677,1.0,1.0,0.0,0.0,0.0007226539237308316,0.0011707491939887404,0.0010683664469979704,1.8091377000928333e-06,2.6812119813257596e-06,2.370077584146202e-06,6.882266688990057e-05,0.0001663627044763416,0.00013107150116411506,2.6255766897520516e-05,3.310266765765846e-05,3.189170965924859e-05,0.00015446329416590743,0.000253852951573208,0.00022412705147871747,8.572976184950676e-05,9.835905802901834e-05,9.640879652579316e-05,0.0001766224252056266,0.00028643448600481253,0.000258445865417419
thread_067,Chase Freedom Unlimited® sign-up bonus: $200 after spending $500 in 3 months. Anyone tried this? Feeling nervous about t,4,3,,,0.06954588531508438,0.046458194579113044,0.03857903217686636,0.5213413735230764,0.5385833978652954,0.5293131371339163,0.5308658182621002,0.5462944507598877,0.16524113714694977,0.07458527386188507,0.16524113714694977,0.3160892426967621,1,3,0.25,0.20102090435102582,1.0397207708399179,0.3120218965147642,0.75,0.6666666666666666,neutral,0.5,0.25,0.0,0.5,0.25,8.259674462242577,9.0,0.5056943548311782,1.0,1.0,0.0,0.0,0.0005126461837789975,0.0007444396032951772,0.0006577111518708989,1.467014214995288e-06,1.5865673503867583e-06,1.5408719946208294e-06,3.1614938507118495e-05,3.7317655369406566e-05,3.546435655152891e-05,2.6693765903473832e-05,4.422591518959962e-05,3.7645170596078974e-05,0.0001167715327028418,0.00014974185614846647,0.0001377286243950948,7.972959974722471e-05,9.906597551889718e-05,9.283956824219787e-05,0.00012815383914244194,0.0001793962621453223,0.00016007372991756104
thread_068,Just applied for Chase Sapphire Reserve and got hit with that security verification page. Anyone else experiencing issue,17,55,,,0.06357444765527555,0.038512114703982435,0.03015313505647975,0.5113262056427843,0.5193538137656801,0.5139640902771669,0.5109865963459015,0.61021888256073,0.3261163532733917,0.3196415603160858,0.5826336145401001,0.5438748598098755,1,16,0.058823529411764705,0.08793116163681536,1.7201934592198251,0.5162328584476285,0.9090909090909091,0.8,approval,0.2727272727272727,0.18181818181818182,0.09090909090909091,0.45454545454545453,0.2727272727272727,14.29211190866897,21.0,0.31008526823542143,1.0,1.0,0.0,0.0,0.0004590958072666955,0.0006403569714166224,0.0005650198552757501,1.4164876414296861e-06,1.7445532876081415e-06,1.5076792124091298e-06,3.183350803309997e-05,3.7783531297463924e-05,3.712508114404045e-05,1.9678403131204986e-05,2.768263584584929e-05,2.1672305592801422e-05,0.00011479884928763461,0.00015801406698301435,0.00014244120102375747,7.051518674843999e-05,8.903592242859304e-05,7.901112694526092e-05,0.00011622304035141745,0.00015718401779925747,0.00014041650860766215
__summary_mean__,__summary_mean__,6.30188679245283,18.245283018867923,,,0.06904776110008007,0.04974581737553489,0.042453327243500504,0.5138058196650817,0.527895851987644,0.5192630281962454,0.5186043578498768,0.5785431940600557,0.32100010143136076,0.30652974939571237,0.4082775841344078,0.4940803866341429,0.32075471698113206,5.188679245283019,0.06157708366365414,0.09602616718915799,0.7432793707657842,0.22305934959757417,0.8830406490783849,0.55020964360587,,0.6835599934656539,0.16411486836015138,0.08307944675869204,0.30823940210732664,0.44456628277383,7.798078203740297,8.5,0.2990098461130013,1.0,1.0,0.0,0.0,0.0019590214370912885,0.011843682322782939,0.003611989691304395,1.5745238598642008e-06,2.18754585062616e-06,1.9084582450921276e-06,4.673046022834238e-05,0.00013118691105156135,7.144279421001283e-05,2.628668996523326e-05,5.3245065776897014e-05,3.584312667473294e-05,0.0011692681706250928,0.008409387732961408,0.002257043559939979,9.274725093520776e-05,0.0001609495424727013,0.00012068821177411526,0.0005492714221175048,0.0034288963333774774,0.001016268669871462
